# Created by Octave 4.0.3, Tue Dec 20 00:12:33 2016 CET <root@0ray>
# name: w
# type: matrix
# rows: 101
# columns: 20
 -4.316e+05 -4.316e+05 -4.316e+05 -4.316e+05 -4.316e+05 -4.316e+05 -4.316e+05 -4.316e+05 -4.316e+05 -4.316e+05 -4.316e+05 -4.316e+05 -4.316e+05 -4.316e+05 -4.316e+05 -4.316e+05 -4.316e+05 -4.316e+05 -4.316e+05 -4.316e+05
 -5.268e+04 -5.267e+04 -5.268e+04 -5.268e+04 -5.268e+04 -5.267e+04 -5.267e+04 -5.268e+04 -5.267e+04 -5.267e+04 -5.268e+04 -5.267e+04 -5.268e+04 -5.268e+04 -5.267e+04 -5.267e+04 -5.268e+04 -5.267e+04 -5.265e+04 -5.268e+04
 -9772 -9776 -9766 -9769 -9763 -9770 -9760 -9766 -9766 -9765 -9766 -9748 -9766 -9770 -9770 -9767 -9764 -9758 -9768 -9767
 -1.058e+04 -1.067e+04 -1.062e+04 -1.058e+04 -1.068e+04 -1.062e+04 -1.058e+04 -1.058e+04 -1.058e+04 -1.058e+04 -1.058e+04 -1.058e+04 -1.058e+04 -1.058e+04 -1.058e+04 -1.058e+04 -1.048e+04 -1.059e+04 -1.057e+04 -1.058e+04
 -636 -625 -625 -627 -626 -620 -622 -626 -623 -620 -631 -624 -624 -622 -625 -621 -637 -594 -601 -632
 -4.446e+04 -4.447e+04 -4.446e+04 -4.446e+04 -4.447e+04 -4.446e+04 -4.446e+04 -4.446e+04 -4.446e+04 -4.446e+04 -4.446e+04 -4.446e+04 -4.445e+04 -4.446e+04 -4.446e+04 -4.446e+04 -4.445e+04 -4.446e+04 -4.447e+04 -4.446e+04
 -2.044e+04 -2.044e+04 -2.045e+04 -2.044e+04 -2.044e+04 -2.045e+04 -2.044e+04 -2.044e+04 -2.044e+04 -2.043e+04 -2.044e+04 -2.044e+04 -2.044e+04 -2.044e+04 -2.044e+04 -2.045e+04 -2.045e+04 -2.044e+04 -2.045e+04 -2.044e+04
 -440 -416 -418 -423 -425 -521 -435 -431 -421 -435 -433 -433 -422 -439 -423 -414 -451 -395 -401 -408
 -598 -640 -594 -614 -685 -652 -603 -616 -611 -619 -613 -565 -634 -618 -581 -667 -618 -628 -687 -650
 -1.256e+04 -1.256e+04 -1.257e+04 -1.256e+04 -1.256e+04 -1.258e+04 -1.256e+04 -1.256e+04 -1.257e+04 -1.256e+04 -1.256e+04 -1.256e+04 -1.256e+04 -1.257e+04 -1.257e+04 -1.257e+04 -1.257e+04 -1.257e+04 -1.257e+04 -1.256e+04
 -248 -227 -234 -318 -247 -226 -231 -257 -247 -246 -244 -213 -351 -248 -250 -243 -225 -249 -227 -248
 -2.04e+04 -2.04e+04 -2.04e+04 -2.04e+04 -2.04e+04 -2.04e+04 -2.04e+04 -2.04e+04 -2.04e+04 -2.04e+04 -2.04e+04 -2.04e+04 -2.04e+04 -2.04e+04 -2.04e+04 -2.04e+04 -2.038e+04 -2.04e+04 -2.039e+04 -2.039e+04
 -4591 -4584 -4592 -4590 -4595 -4597 -4589 -4590 -4592 -4581 -4586 -4588 -4579 -4594 -4595 -4592 -4586 -4593 -4591 -4588
 -4531 -4407 -4561 -4644 -4539 -4314 -4551 -4531 -4532 -4531 -4531 -4535 -4535 -4537 -4540 -4534 -4522 -4534 -4541 -4463
 -8989 -8973 -8980 -8922 -8977 -9418 -8961 -8994 -8994 -8991 -8994 -8988 -8991 -8993 -8993 -8990 -9016 -8994 -8989 -8995
 -2.217e+04 -2.216e+04 -2.216e+04 -2.216e+04 -2.216e+04 -2.216e+04 -2.216e+04 -2.216e+04 -2.216e+04 -2.216e+04 -2.216e+04 -2.216e+04 -2.216e+04 -2.216e+04 -2.216e+04 -2.217e+04 -2.216e+04 -2.217e+04 -2.216e+04 -2.215e+04
 -2.364e+04 -2.363e+04 -2.363e+04 -2.364e+04 -2.363e+04 -2.364e+04 -2.363e+04 -2.363e+04 -2.363e+04 -2.363e+04 -2.363e+04 -2.364e+04 -2.363e+04 -2.363e+04 -2.363e+04 -2.363e+04 -2.364e+04 -2.362e+04 -2.362e+04 -2.363e+04
 -1.378e+04 -1.379e+04 -1.377e+04 -1.378e+04 -1.379e+04 -1.377e+04 -1.378e+04 -1.378e+04 -1.378e+04 -1.378e+04 -1.378e+04 -1.378e+04 -1.378e+04 -1.378e+04 -1.378e+04 -1.378e+04 -1.376e+04 -1.378e+04 -1.378e+04 -1.377e+04
 -1.283e+04 -1.283e+04 -1.284e+04 -1.284e+04 -1.283e+04 -1.284e+04 -1.284e+04 -1.284e+04 -1.284e+04 -1.284e+04 -1.284e+04 -1.284e+04 -1.284e+04 -1.283e+04 -1.284e+04 -1.283e+04 -1.285e+04 -1.284e+04 -1.283e+04 -1.284e+04
 -4.866e+04 -4.866e+04 -4.866e+04 -4.866e+04 -4.866e+04 -4.866e+04 -4.866e+04 -4.866e+04 -4.866e+04 -4.866e+04 -4.866e+04 -4.866e+04 -4.866e+04 -4.866e+04 -4.866e+04 -4.866e+04 -4.866e+04 -4.866e+04 -4.866e+04 -4.866e+04
 -3.58e+04 -3.58e+04 -3.58e+04 -3.58e+04 -3.58e+04 -3.58e+04 -3.58e+04 -3.58e+04 -3.58e+04 -3.58e+04 -3.58e+04 -3.58e+04 -3.58e+04 -3.58e+04 -3.58e+04 -3.579e+04 -3.579e+04 -3.58e+04 -3.58e+04 -3.579e+04
 -2.717e+04 -2.717e+04 -2.717e+04 -2.717e+04 -2.717e+04 -2.717e+04 -2.716e+04 -2.717e+04 -2.717e+04 -2.717e+04 -2.716e+04 -2.716e+04 -2.717e+04 -2.717e+04 -2.717e+04 -2.717e+04 -2.717e+04 -2.717e+04 -2.716e+04 -2.716e+04
 -2.093e+04 -2.093e+04 -2.095e+04 -2.094e+04 -2.09e+04 -2.093e+04 -2.092e+04 -2.093e+04 -2.093e+04 -2.093e+04 -2.093e+04 -2.092e+04 -2.093e+04 -2.092e+04 -2.093e+04 -2.093e+04 -2.093e+04 -2.093e+04 -2.093e+04 -2.092e+04
 -2.264e+04 -2.266e+04 -2.266e+04 -2.265e+04 -2.266e+04 -2.266e+04 -2.266e+04 -2.265e+04 -2.266e+04 -2.265e+04 -2.266e+04 -2.266e+04 -2.265e+04 -2.265e+04 -2.264e+04 -2.265e+04 -2.265e+04 -2.265e+04 -2.266e+04 -2.265e+04
 -5.701e+04 -5.7e+04 -5.703e+04 -5.701e+04 -5.7e+04 -5.7e+04 -5.701e+04 -5.701e+04 -5.701e+04 -5.701e+04 -5.702e+04 -5.701e+04 -5.7e+04 -5.701e+04 -5.701e+04 -5.701e+04 -5.702e+04 -5.702e+04 -5.701e+04 -5.701e+04
 -4971 -4969 -4970 -4965 -4974 -4970 -4972 -4968 -4968 -4968 -4963 -4968 -4967 -4969 -4964 -4968 -4963 -4967 -4966 -4970
 -1803 -1808 -1807 -1810 -1805 -1821 -1804 -1797 -1803 -1790 -1785 -1799 -1807 -1805 -1801 -1800 -1803 -1804 -1807 -1806
 -6.772e+04 -6.77e+04 -6.771e+04 -6.772e+04 -6.773e+04 -6.768e+04 -6.772e+04 -6.772e+04 -6.772e+04 -6.772e+04 -6.772e+04 -6.772e+04 -6.771e+04 -6.772e+04 -6.771e+04 -6.772e+04 -6.78e+04 -6.772e+04 -6.772e+04 -6.772e+04
 -1.987e+04 -1.986e+04 -1.986e+04 -1.986e+04 -1.987e+04 -1.986e+04 -1.986e+04 -1.986e+04 -1.986e+04 -1.986e+04 -1.986e+04 -1.986e+04 -1.986e+04 -1.987e+04 -1.986e+04 -1.986e+04 -1.986e+04 -1.987e+04 -1.987e+04 -1.985e+04
 -4.205e+04 -4.205e+04 -4.204e+04 -4.202e+04 -4.205e+04 -4.204e+04 -4.205e+04 -4.205e+04 -4.205e+04 -4.205e+04 -4.205e+04 -4.205e+04 -4.205e+04 -4.205e+04 -4.204e+04 -4.205e+04 -4.205e+04 -4.205e+04 -4.204e+04 -4.205e+04
 -5.341e+04 -5.341e+04 -5.341e+04 -5.341e+04 -5.341e+04 -5.34e+04 -5.34e+04 -5.341e+04 -5.34e+04 -5.34e+04 -5.341e+04 -5.341e+04 -5.34e+04 -5.34e+04 -5.34e+04 -5.341e+04 -5.343e+04 -5.341e+04 -5.341e+04 -5.341e+04
 -9947 -9951 -9943 -9941 -9953 -9945 -9939 -9940 -9939 -9941 -9941 -9943 -9944 -9947 -9944 -9947 -9907 -9931 -9939 -9943
 -5770 -5767 -5774 -5764 -5774 -5778 -5766 -5763 -5761 -5743 -5752 -5767 -5765 -5762 -5757 -5766 -5765 -5767 -5763 -5764
 -1.044e+04 -1.043e+04 -1.042e+04 -1.042e+04 -1.042e+04 -1.042e+04 -1.042e+04 -1.042e+04 -1.042e+04 -1.042e+04 -1.042e+04 -1.042e+04 -1.042e+04 -1.042e+04 -1.042e+04 -1.039e+04 -1.042e+04 -1.044e+04 -1.042e+04 -1.038e+04
 -2.821e+04 -2.821e+04 -2.821e+04 -2.821e+04 -2.821e+04 -2.821e+04 -2.821e+04 -2.821e+04 -2.821e+04 -2.821e+04 -2.821e+04 -2.821e+04 -2.82e+04 -2.821e+04 -2.821e+04 -2.822e+04 -2.82e+04 -2.821e+04 -2.82e+04 -2.821e+04
 -1768 -1789 -1769 -1775 -1765 -1798 -1759 -1782 -1767 -1737 -1770 -1770 -1774 -1764 -1765 -1767 -1773 -1765 -1763 -1765
 -4816 -4818 -4822 -4814 -4810 -5008 -4760 -4816 -4814 -4818 -4818 -4819 -4814 -4812 -4817 -4817 -4818 -4816 -4819 -4817
 -7889 -7896 -7895 -7887 -7887 -7879 -7889 -7888 -7890 -7889 -7889 -7877 -7893 -7893 -7894 -7891 -7892 -7894 -7895 -7895
 -49 -39 -38 -46 -37 -45 -37 -33 -39 -37 -38 -40 -31 -39 -35 -47 -46 28 -1 -56
 -16 -5 -9 -3 -8 -113 0 -19 -6 -20 39 -11 -6 -10 -10 -30 -19 -7 11 -5
 -1.612e+04 -1.612e+04 -1.613e+04 -1.612e+04 -1.613e+04 -1.612e+04 -1.613e+04 -1.612e+04 -1.613e+04 -1.612e+04 -1.612e+04 -1.613e+04 -1.612e+04 -1.612e+04 -1.611e+04 -1.612e+04 -1.613e+04 -1.612e+04 -1.612e+04 -1.613e+04
 -2448 -2455 -2449 -2449 -2448 -2446 -2444 -2446 -2442 -2439 -2441 -2446 -2446 -2446 -2441 -2445 -2449 -2448 -2449 -2449
 -2.001e+04 -2e+04 -2e+04 -2e+04 -2e+04 -2e+04 -2e+04 -1.999e+04 -1.999e+04 -2e+04 -2e+04 -2e+04 -1.999e+04 -2e+04 -2e+04 -2e+04 -2e+04 -2e+04 -2e+04 -2e+04
 -9.539e+04 -9.538e+04 -9.538e+04 -9.538e+04 -9.538e+04 -9.538e+04 -9.538e+04 -9.539e+04 -9.538e+04 -9.538e+04 -9.538e+04 -9.538e+04 -9.538e+04 -9.539e+04 -9.538e+04 -9.536e+04 -9.538e+04 -9.538e+04 -9.539e+04 -9.538e+04
 -1.386e+04 -1.386e+04 -1.386e+04 -1.386e+04 -1.386e+04 -1.386e+04 -1.386e+04 -1.386e+04 -1.386e+04 -1.386e+04 -1.386e+04 -1.386e+04 -1.386e+04 -1.386e+04 -1.386e+04 -1.385e+04 -1.387e+04 -1.387e+04 -1.386e+04 -1.386e+04
 -1.598e+04 -1.598e+04 -1.598e+04 -1.598e+04 -1.599e+04 -1.599e+04 -1.598e+04 -1.598e+04 -1.599e+04 -1.599e+04 -1.598e+04 -1.598e+04 -1.599e+04 -1.597e+04 -1.599e+04 -1.598e+04 -1.599e+04 -1.599e+04 -1.599e+04 -1.599e+04
 -1078 -1197 -1161 -1056 -1105 -1164 -1104 -1080 -1078 -1079 -1083 -978 -1042 -1078 -1097 -1066 -1081 -1078 -1075 -1069
 -3.434e+05 -3.434e+05 -3.434e+05 -3.434e+05 -3.434e+05 -3.434e+05 -3.434e+05 -3.434e+05 -3.434e+05 -3.434e+05 -3.434e+05 -3.434e+05 -3.434e+05 -3.434e+05 -3.434e+05 -3.434e+05 -3.434e+05 -3.434e+05 -3.434e+05 -3.434e+05
 95 -62 -63 -71 -118 -102 -63 -94 -74 -80 -83 -70 -70 -243 -97 -200 -79 -78 -140 103
 -216 -277 -251 -233 -221 -355 -230 -237 -237 -239 -239 -231 -267 -275 -200 -234 -332 -240 -272 -233
 -1.337e+04 -1.337e+04 -1.337e+04 -1.337e+04 -1.337e+04 -1.337e+04 -1.337e+04 -1.337e+04 -1.338e+04 -1.338e+04 -1.337e+04 -1.337e+04 -1.337e+04 -1.337e+04 -1.337e+04 -1.335e+04 -1.337e+04 -1.337e+04 -1.338e+04 -1.336e+04
 -388 -386 -383 -380 -382 -386 -386 -382 -381 -384 -383 -383 -384 -381 -387 -381 -385 -371 -396 -388
 -388 -197 -199 -199 -205 -211 -200 -194 -197 -195 -197 -196 -196 -198 -195 734 -206 -200 -196 -638
 -2.6e+04 -2.601e+04 -2.601e+04 -2.601e+04 -2.601e+04 -2.602e+04 -2.601e+04 -2.601e+04 -2.601e+04 -2.601e+04 -2.601e+04 -2.602e+04 -2.601e+04 -2.601e+04 -2.602e+04 -2.602e+04 -2.602e+04 -2.602e+04 -2.601e+04 -2.601e+04
 -4562 -4552 -4558 -4552 -4553 -4547 -4550 -4548 -4549 -4547 -4548 -4552 -4552 -4550 -4544 -4506 -4554 -4561 -4552 -4522
 -2.754e+04 -2.755e+04 -2.755e+04 -2.755e+04 -2.755e+04 -2.755e+04 -2.755e+04 -2.756e+04 -2.755e+04 -2.755e+04 -2.756e+04 -2.755e+04 -2.755e+04 -2.755e+04 -2.755e+04 -2.755e+04 -2.756e+04 -2.754e+04 -2.753e+04 -2.755e+04
 -1.989e+04 -1.989e+04 -1.99e+04 -1.989e+04 -1.99e+04 -1.989e+04 -1.989e+04 -1.989e+04 -1.989e+04 -1.99e+04 -1.989e+04 -1.99e+04 -1.989e+04 -1.989e+04 -1.99e+04 -1.99e+04 -1.99e+04 -1.989e+04 -1.99e+04 -1.99e+04
 -3.4e+04 -3.396e+04 -3.4e+04 -3.401e+04 -3.396e+04 -3.401e+04 -3.402e+04 -3.4e+04 -3.4e+04 -3.4e+04 -3.4e+04 -3.4e+04 -3.4e+04 -3.401e+04 -3.4e+04 -3.4e+04 -3.404e+04 -3.4e+04 -3.4e+04 -3.4e+04
 -3334 -3362 -3366 -3356 -3357 -3362 -3359 -3365 -3356 -3359 -3353 -3369 -3358 -3352 -3364 -3353 -3363 -3333 -3362 -3367
 -1136 -1127 -1123 -1129 -1130 -1122 -1123 -1118 -1105 -1127 -1126 -1127 -1124 -1126 -1117 -1122 -1126 -1124 -1121 -1132
 -2258 -2249 -2294 -2278 -2282 -2355 -2280 -2277 -2273 -2274 -2278 -2250 -2281 -2277 -2266 -2280 -2326 -2275 -2280 -2277
 -1.898e+04 -1.9e+04 -1.899e+04 -1.9e+04 -1.9e+04 -1.9e+04 -1.899e+04 -1.9e+04 -1.9e+04 -1.899e+04 -1.9e+04 -1.899e+04 -1.9e+04 -1.899e+04 -1.9e+04 -1.898e+04 -1.899e+04 -1.9e+04 -1.9e+04 -1.898e+04
 -764 -790 -784 -778 -784 -820 -791 -778 -779 -763 -759 -777 -791 -784 -788 -785 -780 -780 -779 -789
 -2.16e+04 -2.16e+04 -2.161e+04 -2.16e+04 -2.158e+04 -2.153e+04 -2.16e+04 -2.158e+04 -2.159e+04 -2.159e+04 -2.159e+04 -2.16e+04 -2.159e+04 -2.159e+04 -2.159e+04 -2.159e+04 -2.159e+04 -2.159e+04 -2.159e+04 -2.158e+04
 -5.001e+04 -5.001e+04 -5.001e+04 -5.001e+04 -5e+04 -5.001e+04 -5e+04 -5.001e+04 -5e+04 -5.001e+04 -5.001e+04 -5.001e+04 -5.001e+04 -5.001e+04 -5.001e+04 -5.001e+04 -5e+04 -5.001e+04 -5e+04 -5.001e+04
 -2.404e+04 -2.404e+04 -2.404e+04 -2.404e+04 -2.404e+04 -2.405e+04 -2.404e+04 -2.404e+04 -2.404e+04 -2.404e+04 -2.404e+04 -2.404e+04 -2.404e+04 -2.404e+04 -2.404e+04 -2.404e+04 -2.404e+04 -2.404e+04 -2.404e+04 -2.404e+04
 -4221 -4224 -4231 -4230 -4224 -4231 -4227 -4207 -4220 -4225 -4225 -4227 -4220 -4226 -4223 -4226 -4224 -4221 -4226 -4236
 -3.145e+04 -3.145e+04 -3.145e+04 -3.143e+04 -3.142e+04 -3.148e+04 -3.144e+04 -3.145e+04 -3.145e+04 -3.145e+04 -3.145e+04 -3.145e+04 -3.144e+04 -3.145e+04 -3.144e+04 -3.144e+04 -3.145e+04 -3.145e+04 -3.144e+04 -3.145e+04
 -7.357e+04 -7.376e+04 -7.352e+04 -7.356e+04 -7.378e+04 -7.348e+04 -7.357e+04 -7.357e+04 -7.357e+04 -7.356e+04 -7.356e+04 -7.356e+04 -7.357e+04 -7.356e+04 -7.357e+04 -7.357e+04 -7.346e+04 -7.356e+04 -7.357e+04 -7.356e+04
 -2188 -2192 -2188 -2190 -2210 -2198 -2187 -2186 -2184 -2180 -2177 -2183 -2188 -2188 -2186 -2190 -2206 -2182 -2205 -2188
 -2.791e+04 -2.791e+04 -2.791e+04 -2.791e+04 -2.791e+04 -2.791e+04 -2.791e+04 -2.791e+04 -2.791e+04 -2.791e+04 -2.791e+04 -2.792e+04 -2.792e+04 -2.792e+04 -2.791e+04 -2.791e+04 -2.79e+04 -2.791e+04 -2.792e+04 -2.791e+04
 -2.195e+05 -2.195e+05 -2.195e+05 -2.195e+05 -2.195e+05 -2.195e+05 -2.195e+05 -2.195e+05 -2.195e+05 -2.195e+05 -2.195e+05 -2.195e+05 -2.195e+05 -2.195e+05 -2.195e+05 -2.195e+05 -2.195e+05 -2.195e+05 -2.195e+05 -2.195e+05
 -393 -387 -386 -432 -431 -388 -381 -388 -388 -387 -335 -389 -390 -390 -384 -389 -389 -385 -394 -392
 -1.283e+04 -1.283e+04 -1.283e+04 -1.282e+04 -1.283e+04 -1.283e+04 -1.283e+04 -1.283e+04 -1.283e+04 -1.283e+04 -1.283e+04 -1.283e+04 -1.282e+04 -1.283e+04 -1.283e+04 -1.283e+04 -1.283e+04 -1.283e+04 -1.283e+04 -1.283e+04
 -3926 -3939 -3937 -3933 -3934 -3936 -3935 -3935 -3931 -3936 -3935 -3931 -3932 -3936 -3935 -3950 -3935 -3911 -3925 -3926
 -9.348e+04 -9.349e+04 -9.345e+04 -9.345e+04 -9.352e+04 -9.34e+04 -9.344e+04 -9.348e+04 -9.348e+04 -9.348e+04 -9.348e+04 -9.348e+04 -9.347e+04 -9.348e+04 -9.348e+04 -9.348e+04 -9.35e+04 -9.348e+04 -9.348e+04 -9.348e+04
 -2204 -2211 -2203 -2205 -2217 -2243 -2207 -2191 -2170 -2206 -2202 -2209 -2196 -2202 -2197 -2209 -2212 -2207 -2216 -2206
 -1038 -1039 -1038 -1041 -1035 -1035 -1036 -1029 -1005 -1030 -1036 -1036 -1033 -1031 -1034 -1032 -1037 -1034 -1039 -1032
 -1.081e+04 -1.081e+04 -1.081e+04 -1.08e+04 -1.08e+04 -1.08e+04 -1.08e+04 -1.08e+04 -1.08e+04 -1.08e+04 -1.08e+04 -1.08e+04 -1.08e+04 -1.08e+04 -1.08e+04 -1.081e+04 -1.079e+04 -1.081e+04 -1.08e+04 -1.08e+04
 -2.051e+04 -2.051e+04 -2.05e+04 -2.051e+04 -2.051e+04 -2.051e+04 -2.051e+04 -2.051e+04 -2.05e+04 -2.051e+04 -2.051e+04 -2.049e+04 -2.051e+04 -2.052e+04 -2.051e+04 -2.051e+04 -2.051e+04 -2.051e+04 -2.052e+04 -2.051e+04
 -2.899e+05 -2.898e+05 -2.898e+05 -2.899e+05 -2.899e+05 -2.899e+05 -2.899e+05 -2.899e+05 -2.898e+05 -2.898e+05 -2.899e+05 -2.899e+05 -2.899e+05 -2.898e+05 -2.898e+05 -2.898e+05 -2.898e+05 -2.899e+05 -2.898e+05 -2.899e+05
 -1.191e+04 -1.191e+04 -1.191e+04 -1.191e+04 -1.19e+04 -1.19e+04 -1.19e+04 -1.19e+04 -1.191e+04 -1.19e+04 -1.19e+04 -1.19e+04 -1.191e+04 -1.19e+04 -1.191e+04 -1.19e+04 -1.19e+04 -1.191e+04 -1.19e+04 -1.192e+04
 -8088 -8090 -8090 -8091 -8093 -8085 -8087 -8088 -8089 -8087 -8090 -8091 -8086 -8090 -8089 -8070 -8091 -8095 -8094 -8097
 -1.352e+04 -1.354e+04 -1.354e+04 -1.354e+04 -1.354e+04 -1.354e+04 -1.354e+04 -1.354e+04 -1.355e+04 -1.354e+04 -1.354e+04 -1.354e+04 -1.355e+04 -1.355e+04 -1.355e+04 -1.353e+04 -1.354e+04 -1.355e+04 -1.354e+04 -1.356e+04
 -531 -504 -510 -504 -510 -501 -500 -498 -498 -495 -499 -504 -497 -490 -498 -508 -502 -450 -494 -500
 -1.125e+05 -1.125e+05 -1.125e+05 -1.125e+05 -1.125e+05 -1.125e+05 -1.125e+05 -1.125e+05 -1.125e+05 -1.125e+05 -1.125e+05 -1.125e+05 -1.125e+05 -1.125e+05 -1.125e+05 -1.125e+05 -1.125e+05 -1.125e+05 -1.125e+05 -1.125e+05
 -1.474e+04 -1.475e+04 -1.475e+04 -1.474e+04 -1.476e+04 -1.474e+04 -1.475e+04 -1.474e+04 -1.474e+04 -1.475e+04 -1.474e+04 -1.474e+04 -1.474e+04 -1.474e+04 -1.475e+04 -1.475e+04 -1.473e+04 -1.474e+04 -1.473e+04 -1.475e+04
 -7.06e+04 -7.056e+04 -7.048e+04 -7.054e+04 -7.062e+04 -7.062e+04 -7.061e+04 -7.06e+04 -7.06e+04 -7.061e+04 -7.061e+04 -7.061e+04 -7.061e+04 -7.061e+04 -7.061e+04 -7.061e+04 -7.062e+04 -7.061e+04 -7.06e+04 -7.06e+04
 -1.292e+04 -1.292e+04 -1.292e+04 -1.291e+04 -1.292e+04 -1.291e+04 -1.292e+04 -1.292e+04 -1.291e+04 -1.291e+04 -1.292e+04 -1.292e+04 -1.291e+04 -1.292e+04 -1.292e+04 -1.291e+04 -1.291e+04 -1.291e+04 -1.293e+04 -1.291e+04
 -2.325e+04 -2.324e+04 -2.33e+04 -2.326e+04 -2.315e+04 -2.329e+04 -2.326e+04 -2.326e+04 -2.326e+04 -2.326e+04 -2.326e+04 -2.326e+04 -2.326e+04 -2.326e+04 -2.325e+04 -2.326e+04 -2.326e+04 -2.326e+04 -2.326e+04 -2.326e+04
 -7620 -7622 -7640 -7620 -7617 -7631 -7581 -7612 -7618 -7622 -7620 -7619 -7618 -7614 -7618 -7620 -7617 -7621 -7621 -7622
 -2.624e+04 -2.625e+04 -2.624e+04 -2.624e+04 -2.624e+04 -2.625e+04 -2.625e+04 -2.625e+04 -2.624e+04 -2.624e+04 -2.625e+04 -2.624e+04 -2.624e+04 -2.624e+04 -2.622e+04 -2.624e+04 -2.624e+04 -2.624e+04 -2.625e+04 -2.624e+04
 -1.838e+04 -1.827e+04 -1.839e+04 -1.84e+04 -1.837e+04 -1.836e+04 -1.838e+04 -1.838e+04 -1.838e+04 -1.838e+04 -1.838e+04 -1.838e+04 -1.838e+04 -1.838e+04 -1.839e+04 -1.838e+04 -1.838e+04 -1.838e+04 -1.838e+04 -1.839e+04
 -4.371e+04 -4.37e+04 -4.372e+04 -4.371e+04 -4.37e+04 -4.371e+04 -4.371e+04 -4.371e+04 -4.371e+04 -4.371e+04 -4.371e+04 -4.371e+04 -4.371e+04 -4.372e+04 -4.372e+04 -4.371e+04 -4.37e+04 -4.371e+04 -4.371e+04 -4.371e+04
 -53 -51 -51 -64 -62 -54 -66 -60 -61 -55 119 -63 -59 -60 -57 -60 -60 -61 -64 -64
 -70 -63 -61 -65 -61 -43 -64 -59 -58 -57 -58 -62 -54 -56 -57 -62 -55 31 -22 -64
 -3.749e+04 -3.749e+04 -3.749e+04 -3.749e+04 -3.748e+04 -3.748e+04 -3.749e+04 -3.75e+04 -3.75e+04 -3.749e+04 -3.749e+04 -3.749e+04 -3.749e+04 -3.749e+04 -3.749e+04 -3.749e+04 -3.75e+04 -3.749e+04 -3.748e+04 -3.749e+04
 -264 -257 -253 -251 -249 -257 -252 -252 -251 -252 -257 -254 -267 -256 -256 -264 -237 -249 -256 -244
 -3.11e+04 -3.111e+04 -3.108e+04 -3.11e+04 -3.109e+04 -3.108e+04 -3.11e+04 -3.11e+04 -3.11e+04 -3.108e+04 -3.109e+04 -3.11e+04 -3.109e+04 -3.109e+04 -3.109e+04 -3.109e+04 -3.111e+04 -3.11e+04 -3.11e+04 -3.11e+04
 -106 -161 -54 -95 -106 -118 -49 -53 -60 -54 -59 8 -115 -65 -53 -96 -9 -63 -93 -101
 -129 -100 -104 -112 -99 -101 -106 -109 -106 -107 -105 -102 -119 -109 -105 -92 -128 -71 -91 -207


