# Created by Octave 4.0.3, Tue Dec 20 18:40:18 2016 CET <root@0ray>
# name: w
# type: matrix
# rows: 1281
# columns: 2
 -3.3 3.3
 -228.6 228.6
 -502.4 502.4
 218.8 -218.8
 -480.6 480.6
 618.4 -618.4
 -153.5 153.5
 1377 -1377
 1064 -1064
 653.8 -653.8
 684.5 -684.5
 -943.9 943.9
 -163.9 163.9
 -692 692
 11.99 -11.99
 287.4 -287.4
 527.1 -527.1
 128 -128
 39.01 -39.01
 503.3 -503.3
 -184.8 184.8
 -253.3 253.3
 -398.7 398.7
 -646.3 646.3
 312.2 -312.2
 -55.33 55.33
 -37.98 37.98
 -273.5 273.5
 -20.19 20.19
 273.6 -273.6
 -184.3 184.3
 -280 280
 1225 -1225
 -222.8 222.8
 -588.7 588.7
 200.6 -200.6
 -70.5 70.5
 -168.5 168.5
 -698.3 698.3
 923.3 -923.3
 -202.4 202.4
 -449.3 449.3
 -125 125
 172.7 -172.7
 -847.5 847.5
 -367 367
 -19.39 19.39
 -364.9 364.9
 154.4 -154.4
 -561.3 561.3
 -273.3 273.3
 141.5 -141.5
 -112.2 112.2
 316.3 -316.3
 1006 -1006
 154.4 -154.4
 -474.5 474.5
 401.4 -401.4
 -73.61 73.61
 -209.4 209.4
 -435.8 435.8
 -2.493 2.493
 148.2 -148.2
 -493.7 493.7
 -929.1 929.1
 -229.4 229.4
 7.489 -7.489
 -55.41 55.41
 126.9 -126.9
 1068 -1068
 139.2 -139.2
 68.34 -68.34
 -38.1 38.1
 -309.9 309.9
 331.1 -331.1
 -183 183
 695.7 -695.7
 563.9 -563.9
 412.6 -412.6
 305.2 -305.2
 32.81 -32.81
 290.4 -290.4
 -9.916 9.916
 287.4 -287.4
 13.74 -13.74
 280.5 -280.5
 69.57 -69.57
 5.367 -5.367
 -876.3 876.3
 17.55 -17.55
 -470 470
 -193.5 193.5
 193.4 -193.4
 -71 71
 -4.76 4.76
 483.8 -483.8
 -169.6 169.6
 -198.3 198.3
 46.27 -46.27
 72.76 -72.76
 -76.51 76.51
 353.3 -353.3
 -398.7 398.7
 -244.4 244.4
 -543.8 543.8
 627.2 -627.2
 39.58 -39.58
 -128.3 128.3
 2.4 -2.4
 -58.58 58.58
 -610.1 610.1
 -307.5 307.5
 356.4 -356.4
 177.6 -177.6
 -967.7 967.7
 -663.3 663.3
 310.8 -310.8
 -57.17 57.17
 -314.6 314.6
 -395.4 395.4
 136.4 -136.4
 297.4 -297.4
 132.6 -132.6
 495 -495
 232.8 -232.8
 -228.7 228.7
 107.2 -107.2
 134.7 -134.7
 234.8 -234.8
 119.6 -119.6
 179.9 -179.9
 222.9 -222.9
 -94.48 94.48
 -499 499
 147.4 -147.4
 74.73 -74.73
 -111.8 111.8
 125.2 -125.2
 -174 174
 27.08 -27.08
 -4.8 4.8
 62.85 -62.85
 62.22 -62.22
 -310.7 310.7
 -690.8 690.8
 -520.1 520.1
 401.8 -401.8
 379 -379
 484.2 -484.2
 50.96 -50.96
 1194 -1194
 -14.52 14.52
 219.3 -219.3
 633.9 -633.9
 475.2 -475.2
 324.1 -324.1
 -188.8 188.8
 22.25 -22.25
 -250.3 250.3
 -336.6 336.6
 -124.6 124.6
 254.3 -254.3
 -1727 1727
 -181 181
 49.4 -49.4
 -442.9 442.9
 -336.9 336.9
 -407.2 407.2
 -115.1 115.1
 -299.6 299.6
 264.1 -264.1
 218.7 -218.7
 1005 -1005
 106.8 -106.8
 -41.8 41.8
 124.6 -124.6
 356.6 -356.6
 289.7 -289.7
 11.14 -11.14
 315.6 -315.6
 317.6 -317.6
 -327.2 327.2
 -230.6 230.6
 -215.8 215.8
 142.7 -142.7
 144.9 -144.9
 316.1 -316.1
 -595.8 595.8
 -522.7 522.7
 -142.4 142.4
 357 -357
 -271.3 271.3
 167.4 -167.4
 59.72 -59.72
 60.31 -60.31
 191.7 -191.7
 -244.9 244.9
 354.6 -354.6
 792.7 -792.7
 -191.3 191.3
 -394.8 394.8
 -516.5 516.5
 550.5 -550.5
 32.65 -32.65
 24.34 -24.34
 -258 258
 -213.6 213.6
 -167.1 167.1
 -405.8 405.8
 664.8 -664.8
 -615.4 615.4
 -210.5 210.5
 -411.3 411.3
 -122.1 122.1
 215.4 -215.4
 -629.8 629.8
 -168.9 168.9
 -378 378
 88.35 -88.35
 -285 285
 -767.1 767.1
 412.1 -412.1
 101 -101
 239.7 -239.7
 -70.82 70.82
 -40.25 40.25
 175.7 -175.7
 245.2 -245.2
 420 -420
 377.8 -377.8
 -381 381
 1282 -1282
 -353.5 353.5
 -261.5 261.5
 -308.4 308.4
 -339.1 339.1
 277.2 -277.2
 -50.38 50.38
 -420.1 420.1
 -318.5 318.5
 -266.2 266.2
 182.5 -182.5
 -155.3 155.3
 230.6 -230.6
 -706.9 706.9
 -518.8 518.8
 176.5 -176.5
 -83.92 83.92
 -201 201
 -6.232 6.232
 195.6 -195.6
 -187.4 187.4
 330.2 -330.2
 -448.8 448.8
 56.28 -56.28
 -29.97 29.97
 -330.1 330.1
 -724.4 724.4
 314.4 -314.4
 134.2 -134.2
 405.9 -405.9
 181.3 -181.3
 235.2 -235.2
 -7.43 7.43
 29.77 -29.77
 -109.1 109.1
 -608.8 608.8
 -449.6 449.6
 -402.9 402.9
 509.8 -509.8
 441.5 -441.5
 -411.5 411.5
 -713.4 713.4
 -12.79 12.79
 525.8 -525.8
 -19.71 19.71
 -584.6 584.6
 -567 567
 -610 610
 -488.5 488.5
 -153.7 153.7
 594.9 -594.9
 -360.1 360.1
 -45.38 45.38
 -76.12 76.12
 -831.4 831.4
 278.9 -278.9
 451.3 -451.3
 387.9 -387.9
 -514.2 514.2
 -661.2 661.2
 224.8 -224.8
 118.7 -118.7
 164 -164
 36.64 -36.64
 -221.7 221.7
 613.1 -613.1
 685.4 -685.4
 -382.2 382.2
 -681.9 681.9
 482.2 -482.2
 69.41 -69.41
 58.95 -58.95
 -138.2 138.2
 -684 684
 307.2 -307.2
 -511.5 511.5
 377.3 -377.3
 707.6 -707.6
 -112.7 112.7
 208 -208
 27.74 -27.74
 -473 473
 -622.4 622.4
 -43.51 43.51
 -1470 1470
 190.3 -190.3
 736.8 -736.8
 293.5 -293.5
 -110.7 110.7
 197.7 -197.7
 -448 448
 48.41 -48.41
 181.6 -181.6
 -204 204
 -443.3 443.3
 485.9 -485.9
 -42.39 42.39
 -957.2 957.2
 -569.3 569.3
 -231.3 231.3
 82.02 -82.02
 -177 177
 53.74 -53.74
 602.5 -602.5
 -635 635
 98.19 -98.19
 321 -321
 -841.8 841.8
 -59.29 59.29
 47.58 -47.58
 -336.9 336.9
 -75.52 75.52
 492.7 -492.7
 463.5 -463.5
 132.6 -132.6
 -328.3 328.3
 212 -212
 642.8 -642.8
 197 -197
 -276.7 276.7
 271.4 -271.4
 -104.9 104.9
 -177.3 177.3
 -429.6 429.6
 -1.966 1.966
 -356.3 356.3
 34.23 -34.23
 415.2 -415.2
 -768.5 768.5
 136.2 -136.2
 212 -212
 -732.1 732.1
 -299.6 299.6
 276 -276
 -54.09 54.09
 332.3 -332.3
 -145.4 145.4
 -52.66 52.66
 -410.5 410.5
 851.5 -851.5
 -121.3 121.3
 121 -121
 -320.9 320.9
 -17.87 17.87
 338.8 -338.8
 617 -617
 208.3 -208.3
 -679.9 679.9
 -515.2 515.2
 345.9 -345.9
 -54.75 54.75
 137.2 -137.2
 -274.7 274.7
 -77.56 77.56
 -13.29 13.29
 -62.05 62.05
 -876.8 876.8
 190.6 -190.6
 -332.4 332.4
 374.6 -374.6
 -482.2 482.2
 124.3 -124.3
 895.6 -895.6
 -123.1 123.1
 647.2 -647.2
 -377.5 377.5
 398.4 -398.4
 145.9 -145.9
 -91.6 91.6
 351.1 -351.1
 -695.6 695.6
 -726.4 726.4
 -642.2 642.2
 198.9 -198.9
 -508.8 508.8
 79.21 -79.21
 -626.7 626.7
 542.3 -542.3
 -45.18 45.18
 -240.6 240.6
 -190.3 190.3
 -66.01 66.01
 -23.4 23.4
 -49.19 49.19
 -108.1 108.1
 640.8 -640.8
 -457 457
 -630.6 630.6
 189.3 -189.3
 89.78 -89.78
 590.4 -590.4
 -293.6 293.6
 -640.5 640.5
 -222.4 222.4
 678 -678
 36.78 -36.78
 -145.8 145.8
 -414.3 414.3
 -672.2 672.2
 73.11 -73.11
 452.6 -452.6
 -582.1 582.1
 -94.11 94.11
 267.1 -267.1
 -116.5 116.5
 746.5 -746.5
 -192.2 192.2
 206.1 -206.1
 77.23 -77.23
 -297.7 297.7
 -0.0035 0.0035
 -841 841
 296.2 -296.2
 -133 133
 -235.7 235.7
 -27.86 27.86
 -96.31 96.31
 412.7 -412.7
 151.5 -151.5
 -205.3 205.3
 135.9 -135.9
 13.13 -13.13
 163.4 -163.4
 362.1 -362.1
 -437.6 437.6
 74.46 -74.46
 -197.3 197.3
 -226.8 226.8
 -255.3 255.3
 -160.7 160.7
 592 -592
 248 -248
 -74.08 74.08
 -494.6 494.6
 -483.6 483.6
 -133 133
 -149.5 149.5
 -196.5 196.5
 22.71 -22.71
 553.5 -553.5
 582 -582
 67.81 -67.81
 -80.1 80.1
 256.6 -256.6
 188.2 -188.2
 -1033 1033
 -110 110
 1110 -1110
 82.62 -82.62
 197.2 -197.2
 -384.3 384.3
 -170.7 170.7
 -462.5 462.5
 -150.5 150.5
 -356.9 356.9
 -149.1 149.1
 -368.5 368.5
 97.19 -97.19
 502.1 -502.1
 15.58 -15.58
 268.4 -268.4
 -204.8 204.8
 -234 234
 234.4 -234.4
 -601.7 601.7
 -90.14 90.14
 579 -579
 -432.7 432.7
 -159.7 159.7
 -138 138
 218 -218
 195.7 -195.7
 327.1 -327.1
 -214.1 214.1
 -71.66 71.66
 166.3 -166.3
 -842.7 842.7
 427.5 -427.5
 137.3 -137.3
 -423.3 423.3
 -192.1 192.1
 -378.5 378.5
 277.6 -277.6
 264.3 -264.3
 -30.54 30.54
 311.5 -311.5
 283.3 -283.3
 -86.59 86.59
 365.1 -365.1
 -84.23 84.23
 -250 250
 -485.5 485.5
 82.12 -82.12
 -513.6 513.6
 340.2 -340.2
 -360.3 360.3
 -453 453
 1.351 -1.351
 220.8 -220.8
 -46.92 46.92
 -288.7 288.7
 -48.25 48.25
 -386.8 386.8
 490.7 -490.7
 14.26 -14.26
 -293 293
 -334.9 334.9
 289 -289
 -165.5 165.5
 22.59 -22.59
 499.4 -499.4
 355.7 -355.7
 724.4 -724.4
 182.8 -182.8
 -237.1 237.1
 -461.2 461.2
 396.7 -396.7
 -261.1 261.1
 138.7 -138.7
 21.44 -21.44
 817.5 -817.5
 390 -390
 -450.8 450.8
 613.8 -613.8
 1327 -1327
 657.2 -657.2
 605.6 -605.6
 671 -671
 -114.6 114.6
 -36.94 36.94
 -343.3 343.3
 666.8 -666.8
 61.25 -61.25
 -404.4 404.4
 256.7 -256.7
 20.79 -20.79
 -309.7 309.7
 133 -133
 -57.49 57.49
 -104.5 104.5
 298.6 -298.6
 299.6 -299.6
 648.4 -648.4
 -286.2 286.2
 -321.2 321.2
 -634 634
 -206.2 206.2
 -220.5 220.5
 -675.6 675.6
 -485.9 485.9
 -238.6 238.6
 68.52 -68.52
 -827.1 827.1
 -350.2 350.2
 -374 374
 -294.3 294.3
 -221.5 221.5
 168.8 -168.8
 10.92 -10.92
 -550.4 550.4
 -153.6 153.6
 -44.4 44.4
 614.6 -614.6
 542 -542
 722.7 -722.7
 -625.4 625.4
 -59.7 59.7
 604.7 -604.7
 82.09 -82.09
 -248.9 248.9
 481.3 -481.3
 -118.9 118.9
 -132.1 132.1
 -88.94 88.94
 -258.1 258.1
 334.5 -334.5
 -781.1 781.1
 229.7 -229.7
 456.9 -456.9
 163 -163
 -132.1 132.1
 208 -208
 874.8 -874.8
 -436.5 436.5
 90.12 -90.12
 421.5 -421.5
 391.5 -391.5
 -298.8 298.8
 -546.5 546.5
 476.5 -476.5
 -321.2 321.2
 288.5 -288.5
 -189.4 189.4
 343.9 -343.9
 -673.1 673.1
 70.55 -70.55
 -553.9 553.9
 223.7 -223.7
 259.7 -259.7
 -440.2 440.2
 121.5 -121.5
 108.4 -108.4
 399.4 -399.4
 211.3 -211.3
 266.5 -266.5
 304.1 -304.1
 -1200 1200
 -38.47 38.47
 -15.91 15.91
 641.4 -641.4
 -70.18 70.18
 -6.541 6.541
 36.93 -36.93
 585.5 -585.5
 96.11 -96.11
 -46.69 46.69
 53.03 -53.03
 -601.3 601.3
 -626.4 626.4
 27.72 -27.72
 3.72 -3.72
 -82.17 82.17
 -253.4 253.4
 642.7 -642.7
 236.8 -236.8
 485.6 -485.6
 198.7 -198.7
 434.9 -434.9
 509.9 -509.9
 325 -325
 311.6 -311.6
 24.43 -24.43
 -62.65 62.65
 -468.4 468.4
 -220 220
 704.4 -704.4
 147.7 -147.7
 -284.3 284.3
 615.2 -615.2
 244 -244
 -909.9 909.9
 450.2 -450.2
 -631 631
 -312.2 312.2
 138.2 -138.2
 257.6 -257.6
 430.2 -430.2
 387.9 -387.9
 -685.9 685.9
 -277.4 277.4
 55.03 -55.03
 219.9 -219.9
 720.6 -720.6
 -131.3 131.3
 -423.1 423.1
 -668.4 668.4
 -556.7 556.7
 1026 -1026
 -160.7 160.7
 390 -390
 475.9 -475.9
 277.7 -277.7
 47.32 -47.32
 -254.4 254.4
 133.8 -133.8
 50.96 -50.96
 494.9 -494.9
 375.7 -375.7
 -66.61 66.61
 299.9 -299.9
 -351.8 351.8
 738.8 -738.8
 73.46 -73.46
 -389.4 389.4
 461.5 -461.5
 217.4 -217.4
 1224 -1224
 301.6 -301.6
 53.87 -53.87
 -83.58 83.58
 -301.4 301.4
 -529.3 529.3
 251.6 -251.6
 -634.8 634.8
 -104.9 104.9
 -594.6 594.6
 168.9 -168.9
 -580 580
 -230.7 230.7
 -400 400
 675.4 -675.4
 -594.1 594.1
 592.9 -592.9
 265.5 -265.5
 318.3 -318.3
 -661.4 661.4
 711.4 -711.4
 418.4 -418.4
 402.2 -402.2
 580 -580
 -686.8 686.8
 -29.46 29.46
 309.6 -309.6
 -576.6 576.6
 -729.1 729.1
 772.4 -772.4
 -490.1 490.1
 408.2 -408.2
 -1025 1025
 248.9 -248.9
 167.1 -167.1
 -1223 1223
 -21.04 21.04
 -407.2 407.2
 -359.7 359.7
 389.1 -389.1
 -143.6 143.6
 -2.884 2.884
 -166.1 166.1
 452.5 -452.5
 -803.1 803.1
 -1437 1437
 117.6 -117.6
 81.81 -81.81
 -165.1 165.1
 672.2 -672.2
 308.9 -308.9
 -606.9 606.9
 -339.7 339.7
 -1123 1123
 248.7 -248.7
 -19.09 19.09
 -18.72 18.72
 522.5 -522.5
 -353.4 353.4
 -303.9 303.9
 33.96 -33.96
 10.5 -10.5
 266.3 -266.3
 -98.06 98.06
 -177.5 177.5
 181.1 -181.1
 -91.1 91.1
 554.2 -554.2
 730.3 -730.3
 -570.6 570.6
 553.2 -553.2
 541.4 -541.4
 -2059 2059
 -340.9 340.9
 -65.76 65.76
 581.1 -581.1
 -302.5 302.5
 -79.29 79.29
 27.8 -27.8
 14.09 -14.09
 -350.3 350.3
 1002 -1002
 -236.2 236.2
 174.6 -174.6
 -1361 1361
 -173.8 173.8
 25.22 -25.22
 89.93 -89.93
 -408.4 408.4
 -201.2 201.2
 -117.5 117.5
 -397.8 397.8
 -248.6 248.6
 -84.2 84.2
 301.1 -301.1
 151.8 -151.8
 3.569 -3.569
 212.3 -212.3
 -86.62 86.62
 -406.9 406.9
 165.2 -165.2
 -110.3 110.3
 -607.3 607.3
 -9.671 9.671
 -841.4 841.4
 -207.4 207.4
 421.2 -421.2
 -220.9 220.9
 -227 227
 -46.75 46.75
 -444.3 444.3
 210.7 -210.7
 91.24 -91.24
 -538.7 538.7
 58.27 -58.27
 -11.24 11.24
 -36.59 36.59
 -255 255
 1537 -1537
 -4.155 4.155
 -190.8 190.8
 -115.7 115.7
 339.5 -339.5
 -335.3 335.3
 502.9 -502.9
 216.1 -216.1
 481.3 -481.3
 1255 -1255
 739.2 -739.2
 -423.6 423.6
 12.83 -12.83
 536.1 -536.1
 -159.2 159.2
 45.86 -45.86
 -206.6 206.6
 122.1 -122.1
 189.2 -189.2
 -342.2 342.2
 -727.5 727.5
 208.8 -208.8
 -320 320
 884.1 -884.1
 188.4 -188.4
 184.7 -184.7
 -909.7 909.7
 -601.4 601.4
 253.4 -253.4
 203.5 -203.5
 746 -746
 -268.9 268.9
 168.3 -168.3
 -106.4 106.4
 393.6 -393.6
 -355.6 355.6
 198.1 -198.1
 -581.3 581.3
 -754.6 754.6
 276.8 -276.8
 120.1 -120.1
 -604.3 604.3
 248.5 -248.5
 320.4 -320.4
 -374.4 374.4
 -310.3 310.3
 -4.597 4.597
 -246 246
 -465.6 465.6
 -170.1 170.1
 1090 -1090
 -975 975
 125.1 -125.1
 587.5 -587.5
 287.2 -287.2
 -899.5 899.5
 -88.5 88.5
 739.8 -739.8
 -80.59 80.59
 -53.81 53.81
 -402.7 402.7
 -606.6 606.6
 -844.6 844.6
 249 -249
 132.5 -132.5
 -328.2 328.2
 -76.7 76.7
 15.89 -15.89
 267.7 -267.7
 -628.3 628.3
 -562.8 562.8
 -206.1 206.1
 100.6 -100.6
 255.7 -255.7
 -556.1 556.1
 -133.1 133.1
 773.8 -773.8
 473.3 -473.3
 253.7 -253.7
 -1112 1112
 164.8 -164.8
 -647.6 647.6
 -282 282
 36.22 -36.22
 773 -773
 -72.59 72.59
 231.5 -231.5
 -618.3 618.3
 -237 237
 -562.2 562.2
 -439.6 439.6
 482.5 -482.5
 528.8 -528.8
 -99.05 99.05
 426.2 -426.2
 205.8 -205.8
 416.5 -416.5
 148.4 -148.4
 165.8 -165.8
 461.1 -461.1
 -455.4 455.4
 560.1 -560.1
 -452.7 452.7
 278.9 -278.9
 192.8 -192.8
 736.5 -736.5
 -559.4 559.4
 45.3 -45.3
 -171.3 171.3
 891.4 -891.4
 302.9 -302.9
 602.7 -602.7
 52.91 -52.91
 -34.37 34.37
 302.3 -302.3
 -79.23 79.23
 -402.2 402.2
 251.6 -251.6
 -184.1 184.1
 44.55 -44.55
 121.5 -121.5
 -129.8 129.8
 -166.2 166.2
 57.99 -57.99
 57.79 -57.79
 39.62 -39.62
 -433.1 433.1
 264 -264
 -460.3 460.3
 58.86 -58.86
 -128.4 128.4
 93.04 -93.04
 -397.1 397.1
 19.08 -19.08
 -247 247
 2.919 -2.919
 166.7 -166.7
 305.4 -305.4
 -225.6 225.6
 -73.43 73.43
 -752.3 752.3
 -197.8 197.8
 -101 101
 220.3 -220.3
 -495.1 495.1
 -852.5 852.5
 85 -85
 -201.2 201.2
 511.7 -511.7
 -96.49 96.49
 789.4 -789.4
 -40.81 40.81
 381.3 -381.3
 -955.9 955.9
 84.56 -84.56
 251.5 -251.5
 -228.3 228.3
 35.48 -35.48
 81.99 -81.99
 -274 274
 -765.4 765.4
 -508.3 508.3
 530 -530
 -52.5 52.5
 -293.7 293.7
 228.3 -228.3
 -300.6 300.6
 -233.1 233.1
 -820.8 820.8
 -299.3 299.3
 526.8 -526.8
 -51.61 51.61
 -560.7 560.7
 9.785 -9.785
 721.7 -721.7
 -726.5 726.5
 413.9 -413.9
 42.7 -42.7
 289.5 -289.5
 972.7 -972.7
 133.9 -133.9
 94.85 -94.85
 -767.4 767.4
 178.8 -178.8
 176.8 -176.8
 189.6 -189.6
 -588.9 588.9
 -2.361 2.361
 -389.2 389.2
 -137.7 137.7
 202.4 -202.4
 256.4 -256.4
 -362.5 362.5
 177.7 -177.7
 -195.2 195.2
 -649.9 649.9
 -431 431
 -525 525
 -195.7 195.7
 131.3 -131.3
 302.7 -302.7
 538.6 -538.6
 334.8 -334.8
 82.95 -82.95
 -15.71 15.71
 76.38 -76.38
 85.94 -85.94
 -321.5 321.5
 319.8 -319.8
 -522.2 522.2
 43.17 -43.17
 456.9 -456.9
 -312 312
 -183.3 183.3
 74.39 -74.39
 266.2 -266.2
 -81.28 81.28
 -332.6 332.6
 -212.4 212.4
 290.8 -290.8
 307.4 -307.4
 477.2 -477.2
 -96.54 96.54
 -318.5 318.5
 338.9 -338.9
 244.1 -244.1
 318.1 -318.1
 -555 555
 -758.1 758.1
 775.6 -775.6
 668.9 -668.9
 -44.49 44.49
 -40.98 40.98
 1277 -1277
 61.6 -61.6
 386.4 -386.4
 307.7 -307.7
 -569.8 569.8
 -205.5 205.5
 -367.1 367.1
 206.7 -206.7
 -68.47 68.47
 603.6 -603.6
 231.3 -231.3
 -688.6 688.6
 -121.8 121.8
 -1152 1152
 776.5 -776.5
 -516.6 516.6
 1211 -1211
 -328.7 328.7
 -93.16 93.16
 347.6 -347.6
 156.4 -156.4
 -419.5 419.5
 -679.9 679.9
 -507 507
 -565.1 565.1
 556.7 -556.7
 16.04 -16.04
 -500 500
 -572.8 572.8
 173.6 -173.6
 293.9 -293.9
 -639.8 639.8
 -147.1 147.1
 122.9 -122.9
 -98.95 98.95
 -670.6 670.6
 -232.5 232.5
 -702.5 702.5
 -456.8 456.8
 -353.6 353.6
 -459 459
 393.5 -393.5
 -690.8 690.8
 -613.9 613.9
 157.4 -157.4
 -215.1 215.1
 324.1 -324.1
 696 -696
 -288.1 288.1
 -505.4 505.4
 -481.8 481.8
 -274.3 274.3
 -273.2 273.2
 231.2 -231.2
 361.1 -361.1
 122.2 -122.2
 -64.65 64.65
 -189.4 189.4
 72.94 -72.94
 738 -738
 78.2 -78.2
 -226.4 226.4
 287.2 -287.2
 174.5 -174.5
 -347.5 347.5
 680 -680
 -286.7 286.7
 -388.2 388.2
 233.5 -233.5
 420.5 -420.5
 -1039 1039
 -71.23 71.23
 -212 212
 86.43 -86.43
 -369.8 369.8
 -436.5 436.5
 240 -240
 -345.8 345.8
 271.4 -271.4
 396.4 -396.4
 18.4 -18.4
 -564.5 564.5
 354.2 -354.2
 27.19 -27.19
 499.8 -499.8
 -140 140
 203.1 -203.1
 40.83 -40.83
 -112.6 112.6
 387.9 -387.9
 -144.7 144.7
 242.8 -242.8
 112.5 -112.5
 -36.28 36.28
 733.9 -733.9
 -52.87 52.87
 197.8 -197.8
 66.58 -66.58
 -8.627 8.627
 -643.6 643.6
 161 -161
 -218.5 218.5
 29.43 -29.43
 -73.87 73.87
 -159.5 159.5
 192.9 -192.9
 -28.89 28.89
 48.63 -48.63
 -460.8 460.8
 245.3 -245.3
 156.7 -156.7
 -365.7 365.7
 -455.2 455.2
 234.2 -234.2
 -0.4227 0.4227
 119.4 -119.4
 -202 202
 -316.8 316.8
 -114.2 114.2
 -81.45 81.45
 -506 506
 59.27 -59.27
 -23.23 23.23
 -901.5 901.5
 99.86 -99.86
 -986.3 986.3
 -395.3 395.3
 -79.43 79.43
 -271.8 271.8
 -581.9 581.9
 199.8 -199.8
 -422 422
 919.7 -919.7
 1584 -1584
 -632 632
 -74.85 74.85
 -1029 1029
 142.2 -142.2
 269.1 -269.1
 1117 -1117
 239 -239
 -462.7 462.7
 521.5 -521.5
 -720 720
 -201.5 201.5
 -373.6 373.6
 -233.8 233.8
 -264.1 264.1
 -135 135
 -265.5 265.5
 133.2 -133.2
 116.7 -116.7
 181.1 -181.1
 334.7 -334.7
 -908.2 908.2
 -495.6 495.6
 111.8 -111.8
 -242.7 242.7
 292.1 -292.1
 665.6 -665.6
 -438.8 438.8
 -250.5 250.5
 -652.4 652.4
 -253.8 253.8
 583.1 -583.1
 518.4 -518.4
 -173.6 173.6
 406.5 -406.5
 -489.2 489.2
 228.9 -228.9
 -44.31 44.31
 -409.2 409.2
 45.66 -45.66
 -485.8 485.8
 -193.3 193.3
 -464.7 464.7
 720.8 -720.8
 -435.5 435.5
 -156.4 156.4
 -340.4 340.4
 -212.8 212.8
 -113.6 113.6
 197.7 -197.7
 154.9 -154.9
 -200.9 200.9
 -586.5 586.5
 462.6 -462.6
 -184.5 184.5
 284.5 -284.5
 599.1 -599.1
 -494.3 494.3
 -777 777
 89.79 -89.79
 -503.4 503.4
 -589.8 589.8
 -85.39 85.39
 -458.1 458.1
 331.4 -331.4
 366.1 -366.1
 396.8 -396.8
 -29.49 29.49
 287.7 -287.7
 109.2 -109.2
 -195 195
 323.7 -323.7
 798 -798
 79.43 -79.43
 499.7 -499.7
 919.5 -919.5
 -322.3 322.3
 153.7 -153.7
 -546.4 546.4
 561.3 -561.3
 -281.3 281.3
 66.64 -66.64
 325.6 -325.6
 553.1 -553.1
 -92.06 92.06
 -367.4 367.4
 549.8 -549.8
 -350.8 350.8
 -191.3 191.3
 445.8 -445.8


