# Created by Octave 4.0.3, Sat Dec 24 20:44:43 2016 CET <root@0ray>
# name: w
# type: matrix
# rows: 101
# columns: 20
 -8.516e+06 -8.515e+06 -8.516e+06 -8.514e+06 -8.515e+06 -8.516e+06 -8.517e+06 -8.517e+06 -8.518e+06 -8.516e+06 -8.518e+06 -8.517e+06 -8.514e+06 -8.515e+06 -8.516e+06 -8.515e+06 -8.516e+06 -8.517e+06 -8.516e+06 -8.517e+06
 -6.423e+05 -6.413e+05 -6.413e+05 -6.413e+05 -6.412e+05 -6.412e+05 -6.411e+05 -6.414e+05 -6.413e+05 -6.414e+05 -6.413e+05 -6.404e+05 -6.421e+05 -6.424e+05 -6.41e+05 -6.416e+05 -6.393e+05 -6.415e+05 -6.389e+05 -6.416e+05
 -1.203e+05 -1.201e+05 -1.189e+05 -1.194e+05 -1.21e+05 -1.188e+05 -1.187e+05 -1.19e+05 -1.189e+05 -1.187e+05 -1.19e+05 -1.141e+05 -1.188e+05 -1.202e+05 -1.201e+05 -1.19e+05 -1.185e+05 -1.178e+05 -1.203e+05 -1.201e+05
 -1.517e+05 -1.505e+05 -1.5e+05 -1.498e+05 -1.504e+05 -1.505e+05 -1.506e+05 -1.518e+05 -1.501e+05 -1.508e+05 -1.503e+05 -1.508e+05 -1.498e+05 -1.512e+05 -1.495e+05 -1.504e+05 -1.431e+05 -1.513e+05 -1.481e+05 -1.505e+05
 -1.892e+04 -1.975e+04 -1.96e+04 -2.019e+04 -1.962e+04 -1.923e+04 -1.867e+04 -1.962e+04 -1.848e+04 -1.938e+04 -1.879e+04 -1.916e+04 -2.146e+04 -2.08e+04 -1.947e+04 -2.036e+04 -2.045e+04 -8253 -1.056e+04 -1.472e+04
 -5.867e+05 -5.87e+05 -5.871e+05 -5.872e+05 -5.87e+05 -5.87e+05 -5.871e+05 -5.864e+05 -5.869e+05 -5.871e+05 -5.873e+05 -5.859e+05 -5.862e+05 -5.878e+05 -5.873e+05 -5.873e+05 -5.863e+05 -5.87e+05 -5.86e+05 -5.866e+05
 -2.944e+05 -2.952e+05 -2.957e+05 -2.953e+05 -2.954e+05 -2.95e+05 -2.933e+05 -2.953e+05 -2.942e+05 -2.906e+05 -2.898e+05 -2.951e+05 -2.953e+05 -2.961e+05 -2.954e+05 -2.961e+05 -2.953e+05 -2.95e+05 -2.954e+05 -2.946e+05
 -1.936e+04 -1.646e+04 -1.627e+04 -1.712e+04 -1.734e+04 -1.623e+04 -1.68e+04 -1.963e+04 -1.7e+04 -1.897e+04 -2.006e+04 -1.574e+04 -1.737e+04 -1.824e+04 -1.631e+04 -1.632e+04 -2.042e+04 -4719 -1.307e+04 -1.48e+04
 -1.339e+04 -1.193e+04 -1.398e+04 -1.35e+04 -1.787e+04 -1.497e+04 -1.169e+04 -1.52e+04 -1.554e+04 -1.554e+04 -1.569e+04 1388 -1.993e+04 -1.465e+04 -8125 -1.58e+04 -1.34e+04 -1.526e+04 -1.823e+04 -1.47e+04
 -1.933e+05 -1.924e+05 -1.921e+05 -1.921e+05 -1.917e+05 -1.926e+05 -1.901e+05 -1.921e+05 -1.92e+05 -1.897e+05 -1.906e+05 -1.92e+05 -1.915e+05 -1.924e+05 -1.922e+05 -1.928e+05 -1.924e+05 -1.919e+05 -1.93e+05 -1.926e+05
 -9436 -8414 -8885 -9632 -1.041e+04 -8747 -7686 -9294 -8081 -9057 -7767 1083 -1.132e+04 -9178 -8687 -9043 -4758 -8637 -6694 -8893
 -2.699e+05 -2.689e+05 -2.69e+05 -2.69e+05 -2.692e+05 -2.686e+05 -2.685e+05 -2.689e+05 -2.686e+05 -2.69e+05 -2.687e+05 -2.687e+05 -2.697e+05 -2.703e+05 -2.688e+05 -2.699e+05 -2.645e+05 -2.687e+05 -2.687e+05 -2.669e+05
 -8.57e+04 -8.455e+04 -8.529e+04 -8.606e+04 -8.594e+04 -8.53e+04 -8.35e+04 -8.618e+04 -8.552e+04 -8.192e+04 -8.078e+04 -8.527e+04 -8.335e+04 -8.652e+04 -8.674e+04 -8.554e+04 -8.56e+04 -8.543e+04 -8.568e+04 -8.57e+04
 -2.497e+04 -1.722e+04 -2.702e+04 -2.76e+04 -2.455e+04 -6183 -2.493e+04 -2.416e+04 -2.35e+04 -2.453e+04 -2.358e+04 -2.395e+04 -2.523e+04 -2.232e+04 -2.625e+04 -2.568e+04 -2.204e+04 -2.555e+04 -2.712e+04 -1.865e+04
 -1.048e+05 -1.062e+05 -1.052e+05 -1.004e+05 -1.023e+05 -1.06e+05 -1.029e+05 -1.05e+05 -1.047e+05 -1.045e+05 -1.044e+05 -1.047e+05 -1.056e+05 -1.051e+05 -1.047e+05 -1.05e+05 -1.051e+05 -1.046e+05 -1.052e+05 -1.048e+05
 -2.917e+05 -2.923e+05 -2.923e+05 -2.923e+05 -2.923e+05 -2.922e+05 -2.922e+05 -2.923e+05 -2.923e+05 -2.923e+05 -2.921e+05 -2.925e+05 -2.926e+05 -2.928e+05 -2.926e+05 -2.942e+05 -2.927e+05 -2.926e+05 -2.915e+05 -2.902e+05
 -3.236e+05 -3.243e+05 -3.243e+05 -3.246e+05 -3.244e+05 -3.238e+05 -3.238e+05 -3.238e+05 -3.239e+05 -3.242e+05 -3.236e+05 -3.235e+05 -3.249e+05 -3.251e+05 -3.244e+05 -3.244e+05 -3.233e+05 -3.231e+05 -3.218e+05 -3.234e+05
 -1.53e+05 -1.523e+05 -1.524e+05 -1.528e+05 -1.526e+05 -1.518e+05 -1.517e+05 -1.52e+05 -1.512e+05 -1.521e+05 -1.513e+05 -1.518e+05 -1.526e+05 -1.526e+05 -1.521e+05 -1.527e+05 -1.474e+05 -1.518e+05 -1.517e+05 -1.495e+05
 -1.899e+05 -1.894e+05 -1.895e+05 -1.898e+05 -1.899e+05 -1.894e+05 -1.893e+05 -1.894e+05 -1.896e+05 -1.903e+05 -1.892e+05 -1.899e+05 -1.898e+05 -1.899e+05 -1.898e+05 -1.899e+05 -1.904e+05 -1.848e+05 -1.89e+05 -1.889e+05
 -8.3e+05 -8.31e+05 -8.309e+05 -8.31e+05 -8.311e+05 -8.309e+05 -8.31e+05 -8.31e+05 -8.311e+05 -8.311e+05 -8.311e+05 -8.312e+05 -8.308e+05 -8.302e+05 -8.312e+05 -8.314e+05 -8.32e+05 -8.31e+05 -8.303e+05 -8.294e+05
 -4.019e+05 -4.034e+05 -4.034e+05 -4.034e+05 -4.037e+05 -4.034e+05 -4.034e+05 -4.036e+05 -4.035e+05 -4.037e+05 -4.034e+05 -4.033e+05 -4.036e+05 -4.038e+05 -4.035e+05 -4.035e+05 -4.03e+05 -4.037e+05 -4.038e+05 -4.021e+05
 -4.292e+05 -4.282e+05 -4.281e+05 -4.282e+05 -4.286e+05 -4.284e+05 -4.28e+05 -4.277e+05 -4.278e+05 -4.286e+05 -4.283e+05 -4.28e+05 -4.285e+05 -4.276e+05 -4.282e+05 -4.276e+05 -4.268e+05 -4.277e+05 -4.268e+05 -4.276e+05
 -3.266e+05 -3.278e+05 -3.273e+05 -3.297e+05 -3.192e+05 -3.277e+05 -3.262e+05 -3.27e+05 -3.264e+05 -3.274e+05 -3.263e+05 -3.263e+05 -3.27e+05 -3.264e+05 -3.273e+05 -3.282e+05 -3.281e+05 -3.272e+05 -3.281e+05 -3.232e+05
 -3.198e+05 -3.216e+05 -3.22e+05 -3.221e+05 -3.223e+05 -3.221e+05 -3.218e+05 -3.221e+05 -3.221e+05 -3.222e+05 -3.221e+05 -3.224e+05 -3.213e+05 -3.227e+05 -3.187e+05 -3.227e+05 -3.224e+05 -3.216e+05 -3.233e+05 -3.203e+05
 -7.317e+05 -7.297e+05 -7.316e+05 -7.297e+05 -7.3e+05 -7.302e+05 -7.305e+05 -7.314e+05 -7.311e+05 -7.313e+05 -7.315e+05 -7.315e+05 -7.3e+05 -7.309e+05 -7.302e+05 -7.308e+05 -7.313e+05 -7.309e+05 -7.318e+05 -7.316e+05
 -6.842e+04 -6.694e+04 -6.687e+04 -6.389e+04 -6.765e+04 -6.713e+04 -6.661e+04 -6.63e+04 -6.629e+04 -6.151e+04 -6.237e+04 -6.666e+04 -6.712e+04 -6.867e+04 -6.611e+04 -6.734e+04 -6.683e+04 -6.646e+04 -6.69e+04 -6.787e+04
 -4.109e+04 -4.061e+04 -4.078e+04 -4.052e+04 -4.107e+04 -3.996e+04 -3.841e+04 -3.916e+04 -3.968e+04 -2.961e+04 -2.995e+04 -3.859e+04 -4.135e+04 -4.013e+04 -3.939e+04 -4.078e+04 -4.01e+04 -3.892e+04 -4.329e+04 -4.045e+04
 -7.569e+05 -7.563e+05 -7.563e+05 -7.565e+05 -7.568e+05 -7.563e+05 -7.57e+05 -7.569e+05 -7.567e+05 -7.572e+05 -7.57e+05 -7.567e+05 -7.546e+05 -7.56e+05 -7.566e+05 -7.567e+05 -7.571e+05 -7.564e+05 -7.567e+05 -7.564e+05
 -2.888e+05 -2.906e+05 -2.904e+05 -2.905e+05 -2.906e+05 -2.902e+05 -2.901e+05 -2.902e+05 -2.899e+05 -2.902e+05 -2.899e+05 -2.904e+05 -2.906e+05 -2.909e+05 -2.904e+05 -2.877e+05 -2.907e+05 -2.899e+05 -2.921e+05 -2.868e+05
 -5.629e+05 -5.623e+05 -5.614e+05 -5.577e+05 -5.642e+05 -5.613e+05 -5.619e+05 -5.624e+05 -5.624e+05 -5.625e+05 -5.623e+05 -5.626e+05 -5.612e+05 -5.622e+05 -5.621e+05 -5.627e+05 -5.625e+05 -5.625e+05 -5.625e+05 -5.624e+05
 -7.637e+05 -7.632e+05 -7.636e+05 -7.634e+05 -7.63e+05 -7.623e+05 -7.627e+05 -7.622e+05 -7.626e+05 -7.598e+05 -7.624e+05 -7.629e+05 -7.636e+05 -7.61e+05 -7.62e+05 -7.627e+05 -7.625e+05 -7.627e+05 -7.629e+05 -7.637e+05
 -1.375e+05 -1.362e+05 -1.363e+05 -1.361e+05 -1.36e+05 -1.363e+05 -1.358e+05 -1.364e+05 -1.359e+05 -1.361e+05 -1.358e+05 -1.361e+05 -1.368e+05 -1.369e+05 -1.36e+05 -1.383e+05 -1.291e+05 -1.343e+05 -1.363e+05 -1.35e+05
 -1.137e+05 -1.136e+05 -1.141e+05 -1.141e+05 -1.138e+05 -1.137e+05 -1.126e+05 -1.13e+05 -1.123e+05 -1.065e+05 -1.067e+05 -1.13e+05 -1.161e+05 -1.139e+05 -1.122e+05 -1.143e+05 -1.13e+05 -1.129e+05 -1.148e+05 -1.122e+05
 -9.386e+04 -9.22e+04 -9.212e+04 -9.244e+04 -9.226e+04 -9.161e+04 -9.123e+04 -9.168e+04 -9.114e+04 -9.216e+04 -9.096e+04 -9.186e+04 -9.223e+04 -9.202e+04 -9.228e+04 -8.598e+04 -9.242e+04 -9.309e+04 -9.351e+04 -8.782e+04
 -3.272e+05 -3.265e+05 -3.265e+05 -3.266e+05 -3.266e+05 -3.267e+05 -3.266e+05 -3.267e+05 -3.266e+05 -3.268e+05 -3.265e+05 -3.268e+05 -3.258e+05 -3.263e+05 -3.266e+05 -3.26e+05 -3.243e+05 -3.266e+05 -3.263e+05 -3.262e+05
 -3.923e+04 -3.792e+04 -3.695e+04 -3.854e+04 -3.785e+04 -3.694e+04 -3.557e+04 -3.648e+04 -3.628e+04 -2.637e+04 -3.497e+04 -3.718e+04 -3.884e+04 -3.895e+04 -3.696e+04 -3.813e+04 -3.73e+04 -3.633e+04 -3.91e+04 -3.646e+04
 -6.678e+04 -6.956e+04 -7.04e+04 -7.116e+04 -6.426e+04 -7.07e+04 -5.141e+04 -6.544e+04 -6.636e+04 -6.603e+04 -6.718e+04 -7.11e+04 -6.635e+04 -6.438e+04 -6.741e+04 -6.6e+04 -6.632e+04 -6.606e+04 -6.626e+04 -6.618e+04
 -1.374e+05 -1.39e+05 -1.387e+05 -1.387e+05 -1.384e+05 -1.346e+05 -1.379e+05 -1.348e+05 -1.376e+05 -1.373e+05 -1.371e+05 -1.338e+05 -1.382e+05 -1.38e+05 -1.381e+05 -1.377e+05 -1.374e+05 -1.377e+05 -1.374e+05 -1.378e+05
 -5573 -5053 -4944 -5169 -5114 -4496 -3538 -7417 -3584 -4414 -3418 -3737 -5273 -5285 -4760 -5417 -5323 5733 -308 -5167
 -3037 -2487 -2439 -3114 -2835 -2353 -322 -2343 -1763 -1.129e+04 1.108e+04 -1923 -3360 -4444 -2607 -3260 -2654 -1903 -1359 -2004
 -3.101e+05 -3.098e+05 -3.109e+05 -3.102e+05 -3.1e+05 -3.084e+05 -3.104e+05 -3.107e+05 -3.108e+05 -3.113e+05 -3.104e+05 -3.108e+05 -3.098e+05 -3.09e+05 -3.029e+05 -3.112e+05 -3.109e+05 -3.109e+05 -3.106e+05 -3.124e+05
 -5.288e+04 -5.242e+04 -5.153e+04 -5.171e+04 -5.272e+04 -5.11e+04 -5.018e+04 -5.064e+04 -4.999e+04 -4.241e+04 -4.379e+04 -5.103e+04 -5.098e+04 -5.007e+04 -4.792e+04 -5.2e+04 -5.121e+04 -5.067e+04 -5.507e+04 -5.162e+04
 -3.98e+05 -3.98e+05 -3.98e+05 -3.983e+05 -3.982e+05 -3.978e+05 -3.957e+05 -3.881e+05 -3.961e+05 -3.982e+05 -3.97e+05 -3.974e+05 -3.943e+05 -3.987e+05 -3.983e+05 -3.984e+05 -3.98e+05 -3.974e+05 -3.979e+05 -3.973e+05
 -1.272e+06 -1.273e+06 -1.273e+06 -1.273e+06 -1.273e+06 -1.273e+06 -1.273e+06 -1.273e+06 -1.273e+06 -1.273e+06 -1.273e+06 -1.273e+06 -1.274e+06 -1.273e+06 -1.274e+06 -1.272e+06 -1.273e+06 -1.273e+06 -1.274e+06 -1.273e+06
 -2.12e+05 -2.122e+05 -2.122e+05 -2.124e+05 -2.122e+05 -2.123e+05 -2.122e+05 -2.127e+05 -2.121e+05 -2.125e+05 -2.122e+05 -2.123e+05 -2.122e+05 -2.133e+05 -2.125e+05 -2.089e+05 -2.123e+05 -2.122e+05 -2.114e+05 -2.123e+05
 -2.796e+05 -2.784e+05 -2.784e+05 -2.793e+05 -2.783e+05 -2.793e+05 -2.79e+05 -2.788e+05 -2.788e+05 -2.774e+05 -2.754e+05 -2.789e+05 -2.782e+05 -2.776e+05 -2.792e+05 -2.785e+05 -2.805e+05 -2.786e+05 -2.777e+05 -2.782e+05
 -2.402e+04 -2.623e+04 -2.46e+04 -2.368e+04 -2.475e+04 -2.549e+04 -2.412e+04 -2.365e+04 -2.313e+04 -2.247e+04 -2.345e+04 -9330 -2.282e+04 -2.247e+04 -2.463e+04 -2.202e+04 -1.921e+04 -2.35e+04 -2.407e+04 -2.325e+04
 -6.547e+06 -6.549e+06 -6.549e+06 -6.55e+06 -6.55e+06 -6.549e+06 -6.549e+06 -6.549e+06 -6.549e+06 -6.549e+06 -6.549e+06 -6.549e+06 -6.549e+06 -6.55e+06 -6.549e+06 -6.549e+06 -6.549e+06 -6.549e+06 -6.548e+06 -6.548e+06
 1226 -1.098e+04 -1.061e+04 -1.071e+04 -1.346e+04 -1.006e+04 -1.078e+04 -1.731e+04 -1.02e+04 -1.209e+04 -1.124e+04 -1.25e+04 -1.701e+04 -1.624e+04 -1.976e+04 -1.575e+04 -1.164e+04 -1.271e+04 -2.105e+04 725
 -1.514e+04 -1.838e+04 -1.776e+04 -1.804e+04 -1.683e+04 -1.73e+04 -1.688e+04 -1.741e+04 -1.687e+04 -1.774e+04 -1.676e+04 -1.76e+04 -1.926e+04 -1.798e+04 -3776 -1.914e+04 -1.765e+04 -1.718e+04 -1.854e+04 -1.933e+04
 -1.51e+05 -1.5e+05 -1.499e+05 -1.498e+05 -1.51e+05 -1.494e+05 -1.5e+05 -1.496e+05 -1.498e+05 -1.505e+05 -1.502e+05 -1.501e+05 -1.501e+05 -1.506e+05 -1.504e+05 -1.469e+05 -1.502e+05 -1.501e+05 -1.507e+05 -1.475e+05
 -1.014e+04 -9184 -9913 -9754 -8661 -1.068e+04 -1.043e+04 -1.031e+04 -9885 -1.006e+04 -1.001e+04 -1.08e+04 -1.027e+04 -9068 -1.054e+04 -8734 -1.015e+04 -924 -8816 -1.041e+04
 -9556 -3079 -2696 -2809 -4351 -2410 -2334 -2216 -2103 -3255 -2224 -2354 -2831 -3258 -5001 2.028e+04 -2818 -4259 -3681 -8304
 -3.573e+05 -3.611e+05 -3.611e+05 -3.61e+05 -3.609e+05 -3.61e+05 -3.607e+05 -3.611e+05 -3.608e+05 -3.614e+05 -3.608e+05 -3.613e+05 -3.611e+05 -3.617e+05 -3.613e+05 -3.617e+05 -3.608e+05 -3.607e+05 -3.619e+05 -3.59e+05
 -6.87e+04 -6.538e+04 -6.542e+04 -6.526e+04 -6.544e+04 -6.394e+04 -6.453e+04 -6.457e+04 -6.49e+04 -6.509e+04 -6.47e+04 -6.544e+04 -6.624e+04 -6.697e+04 -6.453e+04 -6.029e+04 -6.582e+04 -6.553e+04 -6.684e+04 -6.224e+04
 -2.885e+05 -2.905e+05 -2.905e+05 -2.908e+05 -2.907e+05 -2.904e+05 -2.898e+05 -2.9e+05 -2.904e+05 -2.904e+05 -2.904e+05 -2.898e+05 -2.905e+05 -2.906e+05 -2.903e+05 -2.888e+05 -2.909e+05 -2.886e+05 -2.881e+05 -2.908e+05
 -3.007e+05 -3.02e+05 -3.023e+05 -3.023e+05 -3.024e+05 -3.023e+05 -3.022e+05 -3.024e+05 -3.023e+05 -3.025e+05 -3.023e+05 -3.025e+05 -3.026e+05 -3.021e+05 -3.025e+05 -3.021e+05 -3.029e+05 -3.011e+05 -3.005e+05 -3.013e+05
 -3.556e+05 -3.517e+05 -3.528e+05 -3.555e+05 -3.565e+05 -3.547e+05 -3.56e+05 -3.558e+05 -3.557e+05 -3.56e+05 -3.556e+05 -3.553e+05 -3.565e+05 -3.565e+05 -3.56e+05 -3.563e+05 -3.563e+05 -3.556e+05 -3.56e+05 -3.558e+05
 -4.907e+04 -5.42e+04 -5.404e+04 -5.461e+04 -5.452e+04 -5.4e+04 -5.43e+04 -5.51e+04 -5.412e+04 -5.475e+04 -5.417e+04 -5.527e+04 -5.524e+04 -5.606e+04 -5.488e+04 -5.368e+04 -5.686e+04 -4.969e+04 -5.879e+04 -5.63e+04
 -3.713e+04 -3.406e+04 -3.352e+04 -3.571e+04 -3.463e+04 -3.259e+04 -3.22e+04 -3.241e+04 -2.116e+04 -3.3e+04 -3.463e+04 -3.311e+04 -3.706e+04 -3.647e+04 -3.292e+04 -3.478e+04 -3.462e+04 -3.322e+04 -3.604e+04 -3.442e+04
 -4.474e+04 -3.538e+04 -4.712e+04 -4.707e+04 -4.735e+04 -4.621e+04 -4.599e+04 -4.64e+04 -4.598e+04 -4.628e+04 -4.611e+04 -3.81e+04 -4.848e+04 -4.686e+04 -4.52e+04 -4.688e+04 -4.718e+04 -4.613e+04 -4.716e+04 -4.688e+04
 -3.128e+05 -3.142e+05 -3.141e+05 -3.142e+05 -3.142e+05 -3.14e+05 -3.138e+05 -3.142e+05 -3.14e+05 -3.142e+05 -3.14e+05 -3.141e+05 -3.143e+05 -3.149e+05 -3.143e+05 -3.13e+05 -3.145e+05 -3.145e+05 -3.154e+05 -3.121e+05
 -2.439e+04 -2.547e+04 -2.606e+04 -2.579e+04 -2.632e+04 -2.395e+04 -2.642e+04 -2.549e+04 -2.454e+04 -1.786e+04 -1.879e+04 -2.404e+04 -2.856e+04 -2.621e+04 -2.796e+04 -2.568e+04 -2.489e+04 -2.56e+04 -2.594e+04 -2.705e+04
 -2.02e+05 -2.018e+05 -1.991e+05 -2.024e+05 -2.01e+05 -1.928e+05 -2.01e+05 -2.003e+05 -2.001e+05 -2.009e+05 -2.009e+05 -2.02e+05 -2.037e+05 -2.01e+05 -2.024e+05 -2.02e+05 -2.012e+05 -2.012e+05 -2.025e+05 -2.018e+05
 -6.795e+05 -6.792e+05 -6.785e+05 -6.761e+05 -6.773e+05 -6.792e+05 -6.774e+05 -6.78e+05 -6.782e+05 -6.79e+05 -6.788e+05 -6.788e+05 -6.788e+05 -6.791e+05 -6.791e+05 -6.791e+05 -6.787e+05 -6.787e+05 -6.791e+05 -6.786e+05
 -3.461e+05 -3.455e+05 -3.445e+05 -3.419e+05 -3.426e+05 -3.447e+05 -3.442e+05 -3.451e+05 -3.452e+05 -3.454e+05 -3.451e+05 -3.455e+05 -3.442e+05 -3.464e+05 -3.455e+05 -3.458e+05 -3.457e+05 -3.452e+05 -3.462e+05 -3.456e+05
 -9.248e+04 -9.214e+04 -9.204e+04 -9.345e+04 -9.291e+04 -9.152e+04 -9.136e+04 -8.128e+04 -9.013e+04 -9.186e+04 -9.093e+04 -9.16e+04 -9.292e+04 -9.387e+04 -9.193e+04 -9.357e+04 -9.232e+04 -9.106e+04 -9.394e+04 -9.282e+04
 -3.079e+05 -3.082e+05 -3.065e+05 -3.056e+05 -3.055e+05 -3.074e+05 -3.065e+05 -3.072e+05 -3.069e+05 -3.076e+05 -3.069e+05 -3.065e+05 -3.061e+05 -3.076e+05 -3.073e+05 -3.067e+05 -3.072e+05 -3.071e+05 -3.075e+05 -3.074e+05
 -5.708e+05 -5.684e+05 -5.677e+05 -5.708e+05 -5.71e+05 -5.679e+05 -5.704e+05 -5.706e+05 -5.702e+05 -5.707e+05 -5.704e+05 -5.699e+05 -5.709e+05 -5.707e+05 -5.711e+05 -5.708e+05 -5.706e+05 -5.704e+05 -5.709e+05 -5.706e+05
 -7.906e+04 -8.107e+04 -8.105e+04 -8.075e+04 -8.152e+04 -8.136e+04 -7.948e+04 -8.025e+04 -7.968e+04 -7.542e+04 -7.768e+04 -8.056e+04 -8.13e+04 -8.197e+04 -8.076e+04 -8.156e+04 -8.163e+04 -8.046e+04 -8.04e+04 -8.006e+04
 -3.59e+05 -3.592e+05 -3.592e+05 -3.593e+05 -3.592e+05 -3.59e+05 -3.59e+05 -3.591e+05 -3.585e+05 -3.591e+05 -3.587e+05 -3.594e+05 -3.597e+05 -3.596e+05 -3.58e+05 -3.594e+05 -3.574e+05 -3.576e+05 -3.582e+05 -3.585e+05
 -3.11e+06 -3.111e+06 -3.111e+06 -3.111e+06 -3.111e+06 -3.111e+06 -3.111e+06 -3.111e+06 -3.111e+06 -3.111e+06 -3.111e+06 -3.111e+06 -3.111e+06 -3.11e+06 -3.111e+06 -3.111e+06 -3.111e+06 -3.111e+06 -3.109e+06 -3.111e+06
 -1.578e+04 -1.52e+04 -1.525e+04 -1.57e+04 -1.531e+04 -1.518e+04 -7248 -1.515e+04 -1.455e+04 -1.555e+04 3348 -1.451e+04 -1.583e+04 -1.585e+04 -1.544e+04 -1.538e+04 -1.487e+04 -1.334e+04 -1.362e+04 -1.617e+04
 -2.25e+05 -2.244e+05 -2.245e+05 -2.215e+05 -2.233e+05 -2.251e+05 -2.245e+05 -2.247e+05 -2.241e+05 -2.249e+05 -2.243e+05 -2.224e+05 -2.189e+05 -2.251e+05 -2.251e+05 -2.247e+05 -2.245e+05 -2.243e+05 -2.259e+05 -2.248e+05
 -6.535e+04 -6.75e+04 -6.719e+04 -6.786e+04 -6.763e+04 -6.654e+04 -6.616e+04 -6.67e+04 -6.566e+04 -6.743e+04 -6.557e+04 -6.64e+04 -6.861e+04 -6.841e+04 -6.715e+04 -6.721e+04 -6.791e+04 -5.614e+04 -6.304e+04 -6.721e+04
 -3.764e+05 -3.761e+05 -3.764e+05 -3.746e+05 -3.771e+05 -3.749e+05 -3.748e+05 -3.764e+05 -3.762e+05 -3.762e+05 -3.761e+05 -3.755e+05 -3.767e+05 -3.768e+05 -3.765e+05 -3.764e+05 -3.765e+05 -3.761e+05 -3.767e+05 -3.762e+05
 -4.383e+04 -4.637e+04 -4.499e+04 -4.529e+04 -4.549e+04 -4.624e+04 -4.516e+04 -3.571e+04 -2.324e+04 -4.547e+04 -4.374e+04 -3.818e+04 -4.18e+04 -4.254e+04 -4.411e+04 -4.531e+04 -4.372e+04 -4.488e+04 -4.7e+04 -4.536e+04
 -2.062e+04 -1.954e+04 -1.92e+04 -1.96e+04 -1.998e+04 -1.934e+04 -1.397e+04 -1.951e+04 -213 -2.043e+04 -1.986e+04 -2.126e+04 -2.057e+04 -1.796e+04 -2.051e+04 -2.127e+04 -2.122e+04 -1.97e+04 -2.344e+04 -2.086e+04
 -1.171e+05 -1.161e+05 -1.161e+05 -1.164e+05 -1.161e+05 -1.161e+05 -1.156e+05 -1.156e+05 -1.156e+05 -1.162e+05 -1.155e+05 -1.164e+05 -1.162e+05 -1.169e+05 -1.164e+05 -1.159e+05 -1.151e+05 -1.167e+05 -1.135e+05 -1.155e+05
 -3.183e+05 -3.179e+05 -3.172e+05 -3.178e+05 -3.182e+05 -3.17e+05 -3.177e+05 -3.176e+05 -3.17e+05 -3.168e+05 -3.169e+05 -3.127e+05 -3.161e+05 -3.169e+05 -3.175e+05 -3.177e+05 -3.177e+05 -3.173e+05 -3.189e+05 -3.171e+05
 -5.422e+06 -5.421e+06 -5.422e+06 -5.421e+06 -5.422e+06 -5.422e+06 -5.421e+06 -5.421e+06 -5.421e+06 -5.421e+06 -5.421e+06 -5.421e+06 -5.422e+06 -5.42e+06 -5.421e+06 -5.422e+06 -5.421e+06 -5.421e+06 -5.42e+06 -5.421e+06
 -1.851e+05 -1.831e+05 -1.83e+05 -1.83e+05 -1.829e+05 -1.831e+05 -1.833e+05 -1.831e+05 -1.832e+05 -1.808e+05 -1.836e+05 -1.829e+05 -1.831e+05 -1.832e+05 -1.829e+05 -1.82e+05 -1.83e+05 -1.817e+05 -1.828e+05 -1.84e+05
 -1.325e+05 -1.335e+05 -1.333e+05 -1.335e+05 -1.342e+05 -1.334e+05 -1.331e+05 -1.332e+05 -1.329e+05 -1.332e+05 -1.33e+05 -1.33e+05 -1.34e+05 -1.338e+05 -1.33e+05 -1.294e+05 -1.33e+05 -1.338e+05 -1.341e+05 -1.332e+05
 -1.848e+05 -1.862e+05 -1.861e+05 -1.862e+05 -1.864e+05 -1.858e+05 -1.852e+05 -1.86e+05 -1.858e+05 -1.862e+05 -1.857e+05 -1.856e+05 -1.868e+05 -1.869e+05 -1.849e+05 -1.838e+05 -1.863e+05 -1.859e+05 -1.867e+05 -1.86e+05
 -1.564e+04 -1.354e+04 -1.382e+04 -1.322e+04 -1.279e+04 -1.393e+04 -1.41e+04 -1.487e+04 -1.45e+04 -1.454e+04 -1.427e+04 -1.597e+04 -1.409e+04 -1.385e+04 -1.442e+04 -1.6e+04 -1.63e+04 659 -8837 -1.503e+04
 -1.473e+06 -1.474e+06 -1.474e+06 -1.473e+06 -1.473e+06 -1.474e+06 -1.474e+06 -1.474e+06 -1.474e+06 -1.474e+06 -1.474e+06 -1.474e+06 -1.474e+06 -1.474e+06 -1.474e+06 -1.474e+06 -1.474e+06 -1.474e+06 -1.474e+06 -1.474e+06
 -2.968e+05 -2.97e+05 -2.968e+05 -2.97e+05 -2.973e+05 -2.967e+05 -2.965e+05 -2.967e+05 -2.969e+05 -2.972e+05 -2.963e+05 -2.954e+05 -2.979e+05 -2.974e+05 -2.976e+05 -2.975e+05 -2.95e+05 -2.956e+05 -2.935e+05 -2.963e+05
 -5.586e+05 -5.575e+05 -5.494e+05 -5.575e+05 -5.598e+05 -5.559e+05 -5.581e+05 -5.58e+05 -5.58e+05 -5.584e+05 -5.577e+05 -5.584e+05 -5.596e+05 -5.586e+05 -5.586e+05 -5.588e+05 -5.584e+05 -5.58e+05 -5.585e+05 -5.582e+05
 -1.54e+05 -1.546e+05 -1.543e+05 -1.542e+05 -1.542e+05 -1.542e+05 -1.545e+05 -1.543e+05 -1.539e+05 -1.545e+05 -1.545e+05 -1.551e+05 -1.546e+05 -1.546e+05 -1.54e+05 -1.551e+05 -1.505e+05 -1.533e+05 -1.564e+05 -1.524e+05
 -3.014e+05 -3.001e+05 -3.034e+05 -3.069e+05 -2.951e+05 -3.047e+05 -3.032e+05 -3.03e+05 -3.021e+05 -3.031e+05 -3.028e+05 -3.026e+05 -3.047e+05 -3.033e+05 -3.028e+05 -3.036e+05 -3.031e+05 -3.025e+05 -3.041e+05 -3.027e+05
 -1.085e+05 -1.079e+05 -1.097e+05 -1.102e+05 -1.076e+05 -1.088e+05 -8.969e+04 -1.077e+05 -1.069e+05 -1.098e+05 -1.087e+05 -1.076e+05 -1.078e+05 -1.063e+05 -1.077e+05 -1.082e+05 -1.079e+05 -1.08e+05 -1.089e+05 -1.081e+05
 -3.657e+05 -3.676e+05 -3.684e+05 -3.688e+05 -3.684e+05 -3.678e+05 -3.674e+05 -3.679e+05 -3.672e+05 -3.684e+05 -3.674e+05 -3.676e+05 -3.683e+05 -3.684e+05 -3.587e+05 -3.683e+05 -3.681e+05 -3.678e+05 -3.691e+05 -3.664e+05
 -1.776e+05 -1.662e+05 -1.792e+05 -1.786e+05 -1.78e+05 -1.755e+05 -1.76e+05 -1.767e+05 -1.764e+05 -1.776e+05 -1.776e+05 -1.775e+05 -1.788e+05 -1.775e+05 -1.779e+05 -1.771e+05 -1.773e+05 -1.769e+05 -1.784e+05 -1.771e+05
 -6.085e+05 -6.083e+05 -6.065e+05 -6.044e+05 -6.068e+05 -6.086e+05 -6.073e+05 -6.081e+05 -6.079e+05 -6.082e+05 -6.08e+05 -6.08e+05 -6.084e+05 -6.086e+05 -6.083e+05 -6.085e+05 -6.079e+05 -6.08e+05 -6.083e+05 -6.082e+05
 -4571 -4172 -4309 -4488 -4373 -3904 -3805 -3848 -3531 -1.089e+04 1.385e+04 -3767 -4811 -4569 -4181 -4765 -4372 -3634 -5479 -3952
 -2942 -1950 -1802 -2050 -1964 -1859 -1759 -3721 -1721 -2345 -1726 -2064 -2111 -2271 -2723 -2322 -2916 1855 595 -2195
 -5.567e+05 -5.585e+05 -5.584e+05 -5.585e+05 -5.581e+05 -5.582e+05 -5.581e+05 -5.583e+05 -5.582e+05 -5.584e+05 -5.581e+05 -5.581e+05 -5.589e+05 -5.561e+05 -5.583e+05 -5.577e+05 -5.581e+05 -5.584e+05 -5.579e+05 -5.578e+05
 -7625 -4328 -4239 -4301 -4214 -4134 -3926 -3954 -4048 -4348 -3966 -5613 -6508 -6116 -4253 -4832 -2868 -1273 -2617 -3861
 -2.607e+05 -2.608e+05 -2.575e+05 -2.597e+05 -2.597e+05 -2.582e+05 -2.599e+05 -2.591e+05 -2.592e+05 -2.585e+05 -2.577e+05 -2.587e+05 -2.593e+05 -2.592e+05 -2.602e+05 -2.592e+05 -2.587e+05 -2.595e+05 -2.588e+05 -2.596e+05
 -9999 -7353 -7727 -8354 -1.028e+04 -7244 -6785 -7972 -9443 -7376 -7072 1.043e+04 -9628 -7993 -8015 -8363 -1348 -9006 -1.413e+04 -1.032e+04
 -9730 -7005 -7042 -7228 -7101 -6175 -5098 -7031 -6183 -7508 -5431 -6719 -8145 -7217 -7561 -7111 -7789 3561 -3142 -8200


