# Created by Octave 4.0.3, Tue Dec 20 22:46:37 2016 CET <root@0ray>
# name: w
# type: matrix
# rows: 2001
# columns: 2
 -0.1 0.1
 3.434 -3.434
 -0.08417 0.08417
 1.049 -1.049
 0.704 -0.704
 1.026 -1.026
 3.861 -3.861
 0.4204 -0.4204
 2.017 -2.017
 -0.4982 0.4982
 0.6272 -0.6272
 -1.323 1.323
 -0.4972 0.4972
 1.426 -1.426
 0.06947 -0.06947
 -2.781 2.781
 0.6227 -0.6227
 -1.312 1.312
 2.02 -2.02
 -1.796 1.796
 -2.554 2.554
 -2.072 2.072
 0.4739 -0.4739
 -1.606 1.606
 -2.277 2.277
 -5.351 5.351
 -1.167 1.167
 0.4041 -0.4041
 -1.162 1.162
 -0.5442 0.5442
 2.817 -2.817
 3.327 -3.327
 0.2082 -0.2082
 -0.3283 0.3283
 1.556 -1.556
 -6.755 6.755
 -3.788 3.788
 -1.849 1.849
 -0.5669 0.5669
 -1.033 1.033
 -0.2848 0.2848
 2.304 -2.304
 1.128 -1.128
 -1.458 1.458
 -0.7465 0.7465
 -0.2705 0.2705
 -1.581 1.581
 4.823 -4.823
 0.05149 -0.05149
 1.967 -1.967
 -0.3385 0.3385
 0.5852 -0.5852
 0.07875 -0.07875
 -4.476 4.476
 -0.212 0.212
 4.25 -4.25
 -1.811 1.811
 0.1796 -0.1796
 -2.35 2.35
 -0.8149 0.8149
 2.054 -2.054
 -2.091 2.091
 -1.142 1.142
 -0.03398 0.03398
 -1.748 1.748
 -0.7429 0.7429
 2.906 -2.906
 -0.5021 0.5021
 2.539 -2.539
 0.7385 -0.7385
 -1.04 1.04
 -5.483 5.483
 0.5095 -0.5095
 3.606 -3.606
 5.039 -5.039
 -4.525 4.525
 -5.465 5.465
 1.1 -1.1
 2.103 -2.103
 -1.603 1.603
 0.6772 -0.6772
 -0.4454 0.4454
 -2.808 2.808
 0.06 -0.06
 2.356 -2.356
 -2.43 2.43
 -1.928 1.928
 -3.739 3.739
 -0.2071 0.2071
 0.793 -0.793
 0.1822 -0.1822
 1.835 -1.835
 1.161 -1.161
 -1.358 1.358
 4.449 -4.449
 0.03646 -0.03646
 -1.115 1.115
 0.8479 -0.8479
 -0.6262 0.6262
 -4.54 4.54
 -0.05896 0.05896
 3.031 -3.031
 -1.688 1.688
 1.468 -1.468
 1.527 -1.527
 0.7586 -0.7586
 2.402 -2.402
 -0.6816 0.6816
 1.653 -1.653
 1.065 -1.065
 1.964 -1.964
 -2.916 2.916
 -0.7829 0.7829
 0.9719 -0.9719
 0.5471 -0.5471
 -3.715 3.715
 2.085 -2.085
 -0.4836 0.4836
 0.03591 -0.03591
 -2.166 2.166
 -1.135 1.135
 4.402 -4.402
 -7.781 7.781
 -0.7858 0.7858
 2.588 -2.588
 -7.579 7.579
 -0.5964 0.5964
 -3.871 3.871
 1.121 -1.121
 3.263 -3.263
 1.731 -1.731
 1.756 -1.756
 0.523 -0.523
 -2.04 2.04
 1.055 -1.055
 0.7562 -0.7562
 1.775 -1.775
 -6.813 6.813
 -1.486 1.486
 1.124 -1.124
 1.057 -1.057
 -1.177 1.177
 -0.4317 0.4317
 1.954 -1.954
 3.528 -3.528
 0.6872 -0.6872
 5.537 -5.537
 -0.6087 0.6087
 -0.881 0.881
 0.8166 -0.8166
 -0.2269 0.2269
 -1.39 1.39
 0.1709 -0.1709
 -0.2227 0.2227
 2.044 -2.044
 1.791 -1.791
 -0.0721 0.0721
 0.9341 -0.9341
 -1.941 1.941
 2.836 -2.836
 -1.984 1.984
 1.315 -1.315
 -2.93 2.93
 -4.237 4.237
 1.595 -1.595
 4.596 -4.596
 0.9896 -0.9896
 -0.6808 0.6808
 0.5629 -0.5629
 -0.4927 0.4927
 1.171 -1.171
 0.7817 -0.7817
 -0.699 0.699
 2.884 -2.884
 2.714 -2.714
 -0.8894 0.8894
 -2.915 2.915
 0.5957 -0.5957
 -4.395 4.395
 -1.75 1.75
 -0.417 0.417
 -4.584 4.584
 -2.564 2.564
 3.064 -3.064
 1.799 -1.799
 1.976 -1.976
 4.368 -4.368
 -2.68 2.68
 1.87 -1.87
 -2.85 2.85
 0.7089 -0.7089
 0.3528 -0.3528
 0.705 -0.705
 1.98 -1.98
 -4.515 4.515
 -1.542 1.542
 1.252 -1.252
 -1.374 1.374
 -1.26 1.26
 6.408 -6.408
 -0.3976 0.3976
 -1.453 1.453
 -1.994 1.994
 0.2563 -0.2563
 -3.217 3.217
 -1.589 1.589
 -1.306 1.306
 -0.833 0.833
 -2.063 2.063
 3.953 -3.953
 -3.785 3.785
 0.03349 -0.03349
 0.7347 -0.7347
 3.383 -3.383
 -0.2313 0.2313
 3.488 -3.488
 -5.869 5.869
 -1.277 1.277
 1.391 -1.391
 3.679 -3.679
 0.6469 -0.6469
 3.68 -3.68
 0.3294 -0.3294
 1.745 -1.745
 1.598 -1.598
 1.138 -1.138
 -0.7576 0.7576
 -0.02253 0.02253
 3.153 -3.153
 -4.681 4.681
 1.008 -1.008
 2.553 -2.553
 0.2716 -0.2716
 -1.318 1.318
 -0.4173 0.4173
 -1.333 1.333
 2.018 -2.018
 0.1693 -0.1693
 3.002 -3.002
 1.915 -1.915
 -0.3083 0.3083
 -2.065 2.065
 -1.215 1.215
 -2.363 2.363
 -3.727 3.727
 -1.831 1.831
 4.429 -4.429
 -0.1164 0.1164
 -1.528 1.528
 -2.812 2.812
 1.958 -1.958
 3.034 -3.034
 2.662 -2.662
 0.8608 -0.8608
 -2.454 2.454
 4.194 -4.194
 -1.391 1.391
 2.567 -2.567
 3.385 -3.385
 -0.4187 0.4187
 7.245 -7.245
 0.3705 -0.3705
 1.559 -1.559
 -0.9082 0.9082
 3.46 -3.46
 0.9934 -0.9934
 1.451 -1.451
 0.6517 -0.6517
 0.9449 -0.9449
 3.535 -3.535
 -1.299 1.299
 -2.923 2.923
 -0.5142 0.5142
 -1.368 1.368
 3.166 -3.166
 2.311 -2.311
 -1.101 1.101
 -0.7044 0.7044
 -1.17 1.17
 0.5483 -0.5483
 -2.366 2.366
 -0.1063 0.1063
 2.037 -2.037
 -2.183 2.183
 3.521 -3.521
 1.298 -1.298
 0.4537 -0.4537
 -0.6308 0.6308
 3.197 -3.197
 -3.799 3.799
 -0.1793 0.1793
 -7.546 7.546
 4.988 -4.988
 1.796 -1.796
 3.377 -3.377
 -0.1086 0.1086
 -5.226 5.226
 -2.407 2.407
 0.423 -0.423
 -0.4561 0.4561
 -1.834 1.834
 -2.338 2.338
 0.5313 -0.5313
 -3.819 3.819
 0.3898 -0.3898
 0.1579 -0.1579
 2.619 -2.619
 -1.224 1.224
 -1.464 1.464
 0.0279 -0.0279
 -0.2642 0.2642
 3.151 -3.151
 -2.336 2.336
 -3.858 3.858
 2.115 -2.115
 -1.362 1.362
 0.6058 -0.6058
 -0.1155 0.1155
 -2.54 2.54
 1.309 -1.309
 2.367 -2.367
 3.228 -3.228
 1.625 -1.625
 -3.886 3.886
 -2.617 2.617
 0.609 -0.609
 0.8019 -0.8019
 -2.533 2.533
 -0.1476 0.1476
 -0.172 0.172
 -2.394 2.394
 3.228 -3.228
 0.6598 -0.6598
 -1.694 1.694
 1.344 -1.344
 0.2061 -0.2061
 0.2831 -0.2831
 4.04 -4.04
 1.277 -1.277
 4.586 -4.586
 1.384 -1.384
 -0.7724 0.7724
 0.3346 -0.3346
 2.385 -2.385
 -3.104 3.104
 -0.5177 0.5177
 2.521 -2.521
 1.881 -1.881
 3.64 -3.64
 -0.1572 0.1572
 -1.481 1.481
 0.454 -0.454
 -4.3 4.3
 -1.349 1.349
 0.5822 -0.5822
 3.484 -3.484
 -1.242 1.242
 -0.3913 0.3913
 0.7369 -0.7369
 1.157 -1.157
 -3.574 3.574
 -2.124 2.124
 -0.7371 0.7371
 2.075 -2.075
 1.931 -1.931
 2.743 -2.743
 2.796 -2.796
 0.6537 -0.6537
 0.9175 -0.9175
 -5.075 5.075
 0.6575 -0.6575
 2.763 -2.763
 1.267 -1.267
 -2.363 2.363
 -5.699 5.699
 0.1463 -0.1463
 1.451 -1.451
 2.317 -2.317
 1.077 -1.077
 -2.969 2.969
 -0.4371 0.4371
 -3.727 3.727
 2.98 -2.98
 -2.4 2.4
 2.501 -2.501
 0.7957 -0.7957
 0.5426 -0.5426
 5.368 -5.368
 2.593 -2.593
 -1.284 1.284
 -2.049 2.049
 -1.325 1.325
 -0.2733 0.2733
 -2.072 2.072
 2.51 -2.51
 -0.8775 0.8775
 -1.256 1.256
 1.791 -1.791
 -1.234 1.234
 0.394 -0.394
 -0.9189 0.9189
 -3.961 3.961
 -1.876 1.876
 0.5229 -0.5229
 -1.442 1.442
 -4.478 4.478
 -2.034 2.034
 -1.786 1.786
 -1.841 1.841
 3.251 -3.251
 -0.7254 0.7254
 -0.047 0.047
 -1.436 1.436
 -0.09204 0.09204
 -3.983 3.983
 0.7141 -0.7141
 6.093 -6.093
 -2.12 2.12
 2.918 -2.918
 -0.7183 0.7183
 2.317 -2.317
 -1.749 1.749
 5.007 -5.007
 0.8175 -0.8175
 1.002 -1.002
 -2.818 2.818
 -0.2775 0.2775
 -0.7752 0.7752
 1.467 -1.467
 0.4848 -0.4848
 2.874 -2.874
 -0.8784 0.8784
 -0.7206 0.7206
 -1.587 1.587
 -6.368 6.368
 -0.2545 0.2545
 -2.735 2.735
 -1.37 1.37
 -1.912 1.912
 0.709 -0.709
 1.09 -1.09
 -1.307 1.307
 -4.315 4.315
 1.658 -1.658
 1.388 -1.388
 1.018 -1.018
 3.522 -3.522
 0.2213 -0.2213
 1.137 -1.137
 3.145 -3.145
 -1.481 1.481
 -0.3264 0.3264
 1.238 -1.238
 -1.376 1.376
 1.935 -1.935
 3.19 -3.19
 0.3052 -0.3052
 4.078 -4.078
 -0.4536 0.4536
 -1.057 1.057
 -1.356 1.356
 -0.6193 0.6193
 2.805 -2.805
 -0.3853 0.3853
 4.42 -4.42
 -0.1725 0.1725
 0.8388 -0.8388
 0.1126 -0.1126
 1.189 -1.189
 -2.206 2.206
 -1.242 1.242
 1.494 -1.494
 0.5706 -0.5706
 -1.949 1.949
 1.102 -1.102
 3.076 -3.076
 1.107 -1.107
 -1.031 1.031
 1.08 -1.08
 -0.4616 0.4616
 -0.5154 0.5154
 -1.072 1.072
 -1.142 1.142
 2.047 -2.047
 0.2306 -0.2306
 -0.04244 0.04244
 1.057 -1.057
 -1.191 1.191
 -0.6406 0.6406
 -0.2424 0.2424
 -1.029 1.029
 0.9708 -0.9708
 -1.107 1.107
 -1.593 1.593
 -0.2668 0.2668
 -5.176 5.176
 -0.8752 0.8752
 -3.718 3.718
 3.008 -3.008
 -6.479 6.479
 1.042 -1.042
 5.263 -5.263
 -0.8979 0.8979
 -0.1321 0.1321
 0.5337 -0.5337
 -4.607 4.607
 -2.224 2.224
 -0.1928 0.1928
 0.7435 -0.7435
 5.311 -5.311
 -1.957 1.957
 0.764 -0.764
 -1.964 1.964
 0.02468 -0.02468
 -1.388 1.388
 1.984 -1.984
 -3.712 3.712
 -1.44 1.44
 0.8773 -0.8773
 -4.389 4.389
 -0.7767 0.7767
 4.169 -4.169
 -4.316 4.316
 1.665 -1.665
 -1.105 1.105
 -3.118 3.118
 0.244 -0.244
 3.783 -3.783
 0.1416 -0.1416
 -0.03601 0.03601
 5.797 -5.797
 2.044 -2.044
 -2.055 2.055
 3.704 -3.704
 0.8735 -0.8735
 -4.066 4.066
 2.909 -2.909
 2.411 -2.411
 3.927 -3.927
 -0.2381 0.2381
 -5.587 5.587
 -0.8436 0.8436
 -0.2634 0.2634
 0.7959 -0.7959
 4.02 -4.02
 -3.34 3.34
 4.772 -4.772
 -0.2922 0.2922
 -1.47 1.47
 -0.1143 0.1143
 3.313 -3.313
 0.2545 -0.2545
 1.655 -1.655
 -0.7081 0.7081
 0.3288 -0.3288
 -2.119 2.119
 0.4461 -0.4461
 -0.2401 0.2401
 -2.365 2.365
 -0.3764 0.3764
 2.257 -2.257
 -3.797 3.797
 2.915 -2.915
 1.103 -1.103
 0.04922 -0.04922
 -1.386 1.386
 1.829 -1.829
 -0.01469 0.01469
 2.526 -2.526
 -3.586 3.586
 -1.821 1.821
 -1.942 1.942
 -2.706 2.706
 4.249 -4.249
 -2.854 2.854
 -2.435 2.435
 0.002521 -0.002521
 5.609 -5.609
 -1.348 1.348
 -3.62 3.62
 1.739 -1.739
 1.261 -1.261
 -2.143 2.143
 -0.524 0.524
 4.963 -4.963
 5.876 -5.876
 0.4134 -0.4134
 0.7049 -0.7049
 -1.53 1.53
 1.002 -1.002
 -1.64 1.64
 3.912 -3.912
 -2.688 2.688
 0.1707 -0.1707
 -0.6093 0.6093
 -4.958 4.958
 -0.3834 0.3834
 -1.546 1.546
 1.088 -1.088
 -0.8198 0.8198
 -2.646 2.646
 0.1655 -0.1655
 0.06346 -0.06346
 3.123 -3.123
 0.01936 -0.01936
 2.034 -2.034
 6.535 -6.535
 4.408 -4.408
 -4.027 4.027
 2.412 -2.412
 -1.149 1.149
 -2.272 2.272
 0.707 -0.707
 2.039 -2.039
 -1.735 1.735
 1.87 -1.87
 -0.9174 0.9174
 -1.696 1.696
 0.08468 -0.08468
 -0.7948 0.7948
 -0.07711 0.07711
 -4.285 4.285
 1.67 -1.67
 -2.604 2.604
 -1.179 1.179
 1.326 -1.326
 -1.308 1.308
 0.308 -0.308
 -1.384 1.384
 -4.729 4.729
 2.083 -2.083
 -1.641 1.641
 -1.104 1.104
 -3.249 3.249
 2.314 -2.314
 -5.299 5.299
 1.097 -1.097
 1.808 -1.808
 -0.09202 0.09202
 -2.663 2.663
 1.293 -1.293
 0.9837 -0.9837
 0.2036 -0.2036
 0.6249 -0.6249
 -2.789 2.789
 -2.743 2.743
 -0.8906 0.8906
 -0.8957 0.8957
 -1.047 1.047
 1.03 -1.03
 1.249 -1.249
 -0.7906 0.7906
 2.75 -2.75
 4.67 -4.67
 -0.04408 0.04408
 0.412 -0.412
 0.7889 -0.7889
 2.614 -2.614
 0.7001 -0.7001
 2.152 -2.152
 3.315 -3.315
 -4.467 4.467
 -0.8095 0.8095
 -6.935 6.935
 2.407 -2.407
 -1.104 1.104
 -3.818 3.818
 1.874 -1.874
 -1.217 1.217
 -2.507 2.507
 -2.224 2.224
 -2.197 2.197
 -0.6071 0.6071
 0.1155 -0.1155
 -1.111 1.111
 -2.313 2.313
 -0.337 0.337
 -0.8862 0.8862
 0.4817 -0.4817
 -2.263 2.263
 -1.164 1.164
 -2.892 2.892
 0.01374 -0.01374
 1.149 -1.149
 1.952 -1.952
 -3.75 3.75
 -0.2129 0.2129
 -2.164 2.164
 3.034 -3.034
 0.6962 -0.6962
 -0.2187 0.2187
 -0.8581 0.8581
 -2.457 2.457
 -2.326 2.326
 -0.255 0.255
 -6.45 6.45
 1.837 -1.837
 1.855 -1.855
 0.07001 -0.07001
 1.548 -1.548
 -4.044 4.044
 3.04 -3.04
 0.4371 -0.4371
 -0.7021 0.7021
 -1.666 1.666
 0.7751 -0.7751
 -2.778 2.778
 -0.7201 0.7201
 0.2068 -0.2068
 -1.152 1.152
 -4.894 4.894
 4.75 -4.75
 -2.955 2.955
 2.641 -2.641
 2.783 -2.783
 -2.433 2.433
 11.12 -11.12
 -2.548 2.548
 -1.247 1.247
 -1.658 1.658
 -1.495 1.495
 -4.959 4.959
 -3.085 3.085
 -3.321 3.321
 2.232 -2.232
 -1.029 1.029
 -0.9794 0.9794
 2.658 -2.658
 -1.645 1.645
 5.316 -5.316
 -1.494 1.494
 2.564 -2.564
 0.5762 -0.5762
 1.868 -1.868
 0.3122 -0.3122
 0.395 -0.395
 -0.5371 0.5371
 -1.177 1.177
 1.229 -1.229
 0.3477 -0.3477
 -2.061 2.061
 -3.899 3.899
 2.715 -2.715
 1.607 -1.607
 -1.326 1.326
 -0.2039 0.2039
 1.526 -1.526
 -3.651 3.651
 5.149 -5.149
 0.9968 -0.9968
 -1.665 1.665
 4.639 -4.639
 -3.788 3.788
 0.3512 -0.3512
 -1.276 1.276
 -4.661 4.661
 -1.327 1.327
 -2.239 2.239
 0.7199 -0.7199
 3.948 -3.948
 -1.943 1.943
 -0.9797 0.9797
 -2.585 2.585
 1.185 -1.185
 -0.0232 0.0232
 -1.163 1.163
 -1.967 1.967
 2.322 -2.322
 4.501 -4.501
 -2.685 2.685
 6.506 -6.506
 -3.949 3.949
 2.2 -2.2
 -4.915 4.915
 0.7899 -0.7899
 0.1732 -0.1732
 -3.438 3.438
 -2.688 2.688
 2.845 -2.845
 2.474 -2.474
 -1.024 1.024
 3.179 -3.179
 0.9954 -0.9954
 -5.625 5.625
 1.175 -1.175
 -1.301 1.301
 1.25 -1.25
 -0.7433 0.7433
 0.658 -0.658
 -4.489 4.489
 2.474 -2.474
 1.529 -1.529
 4.317 -4.317
 -0.9155 0.9155
 -0.136 0.136
 4.511 -4.511
 -0.8257 0.8257
 0.3012 -0.3012
 0.9032 -0.9032
 1.881 -1.881
 2.808 -2.808
 0.999 -0.999
 0.9273 -0.9273
 4.277 -4.277
 0.1665 -0.1665
 -1.112 1.112
 1.026 -1.026
 -0.7719 0.7719
 0.9077 -0.9077
 2.379 -2.379
 3.022 -3.022
 1.236 -1.236
 -0.135 0.135
 -0.1984 0.1984
 1.824 -1.824
 -1.613 1.613
 -2.592 2.592
 -1.49 1.49
 -0.6527 0.6527
 2.403 -2.403
 1.632 -1.632
 1.991 -1.991
 0.3213 -0.3213
 -0.4434 0.4434
 -1.019 1.019
 -0.1508 0.1508
 1.001 -1.001
 -0.5474 0.5474
 0.7659 -0.7659
 0.03756 -0.03756
 1.598 -1.598
 4.141 -4.141
 2.72 -2.72
 2.585 -2.585
 -3.61 3.61
 -1.12 1.12
 -4.048 4.048
 1.297 -1.297
 -0.717 0.717
 -4.611 4.611
 0.6798 -0.6798
 -2.432 2.432
 -2.617 2.617
 3.778 -3.778
 0.5469 -0.5469
 -3.95 3.95
 1.222 -1.222
 1.181 -1.181
 -1.465 1.465
 2.921 -2.921
 0.9502 -0.9502
 2.431 -2.431
 -1.253 1.253
 -1.187 1.187
 2.578 -2.578
 0.5384 -0.5384
 1.444 -1.444
 -1.873 1.873
 3.077 -3.077
 -3.029 3.029
 -1.48 1.48
 0.3172 -0.3172
 -2.171 2.171
 0.1077 -0.1077
 -0.04427 0.04427
 1.58 -1.58
 -3.418 3.418
 2.961 -2.961
 2.165 -2.165
 -1.299 1.299
 4.264 -4.264
 2.997 -2.997
 0.3468 -0.3468
 1.937 -1.937
 -2.771 2.771
 2.157 -2.157
 -2.27 2.27
 0.8664 -0.8664
 0.8851 -0.8851
 1.641 -1.641
 7.314 -7.314
 4.556 -4.556
 0.4061 -0.4061
 5.668 -5.668
 -1.419 1.419
 1.141 -1.141
 1.939 -1.939
 -1.513 1.513
 0.1408 -0.1408
 -2.523 2.523
 -2.402 2.402
 -1.251 1.251
 -0.02669 0.02669
 1.37 -1.37
 0.8677 -0.8677
 -0.3312 0.3312
 3.357 -3.357
 -3.837 3.837
 0.5752 -0.5752
 -2.223 2.223
 -2.717 2.717
 -1.021 1.021
 0.4917 -0.4917
 0.5182 -0.5182
 -4.508 4.508
 0.3845 -0.3845
 3.01 -3.01
 -3.306 3.306
 -1.166 1.166
 1.528 -1.528
 4.919 -4.919
 -0.4952 0.4952
 3.18 -3.18
 -0.6825 0.6825
 1.468 -1.468
 0.03461 -0.03461
 0.2162 -0.2162
 4.835 -4.835
 1.575 -1.575
 -3.721 3.721
 1.415 -1.415
 -0.9005 0.9005
 1.435 -1.435
 -2.702 2.702
 -1.42 1.42
 -2.029 2.029
 1.95 -1.95
 0.3586 -0.3586
 0.004029 -0.004029
 -4.303 4.303
 0.3402 -0.3402
 -0.8062 0.8062
 -1.257 1.257
 -2.834 2.834
 2.653 -2.653
 0.5568 -0.5568
 -2.185 2.185
 5.291 -5.291
 0.2607 -0.2607
 0.9458 -0.9458
 0.7438 -0.7438
 -0.02661 0.02661
 -0.7551 0.7551
 1.17 -1.17
 -1.248 1.248
 0.1938 -0.1938
 0.7021 -0.7021
 -1.685 1.685
 0.1265 -0.1265
 -5.379 5.379
 -0.4863 0.4863
 0.3688 -0.3688
 -1.146 1.146
 -0.7874 0.7874
 2.889 -2.889
 -1.981 1.981
 -0.9467 0.9467
 0.5383 -0.5383
 2.115 -2.115
 -1.196 1.196
 2.965 -2.965
 -4.173 4.173
 2.854 -2.854
 2.056 -2.056
 0.655 -0.655
 0.5125 -0.5125
 -3.449 3.449
 -3.558 3.558
 0.6425 -0.6425
 1.991 -1.991
 2.238 -2.238
 6.194 -6.194
 -1.252 1.252
 -0.3033 0.3033
 1.373 -1.373
 -0.2094 0.2094
 -0.8173 0.8173
 3.169 -3.169
 0.6789 -0.6789
 -2.405 2.405
 -2.289 2.289
 1.59 -1.59
 -1.341 1.341
 -3.844 3.844
 3.622 -3.622
 3.246 -3.246
 -1.362 1.362
 1.191 -1.191
 -2.012 2.012
 -0.2546 0.2546
 1.659 -1.659
 4.911 -4.911
 -2.083 2.083
 1.324 -1.324
 1.785 -1.785
 0.3216 -0.3216
 1.226 -1.226
 -4.313 4.313
 -1.702 1.702
 3.229 -3.229
 -1.968 1.968
 0.2745 -0.2745
 -2.048 2.048
 -0.9187 0.9187
 2.211 -2.211
 -2.53 2.53
 1.559 -1.559
 -4.634 4.634
 1.101 -1.101
 -1.365 1.365
 -2.01 2.01
 -0.7314 0.7314
 0.01057 -0.01057
 0.3268 -0.3268
 2.936 -2.936
 3.182 -3.182
 -2.623 2.623
 -0.03307 0.03307
 2.181 -2.181
 -0.5747 0.5747
 0.3861 -0.3861
 -5.581 5.581
 0.9168 -0.9168
 0.2794 -0.2794
 -5.688 5.688
 -2.152 2.152
 -0.5725 0.5725
 0.2881 -0.2881
 -2.227 2.227
 1.262 -1.262
 -2.817 2.817
 1.168 -1.168
 1.502 -1.502
 -0.5287 0.5287
 2.655 -2.655
 -0.321 0.321
 -3.391 3.391
 0.2206 -0.2206
 -3.192 3.192
 -2.863 2.863
 0.7113 -0.7113
 -2.366 2.366
 -1.241 1.241
 1.724 -1.724
 2.297 -2.297
 -2.221 2.221
 0.9808 -0.9808
 1.659 -1.659
 2.563 -2.563
 5.426 -5.426
 1.38 -1.38
 2.16 -2.16
 4.516 -4.516
 -2.874 2.874
 -1.307 1.307
 -3.401 3.401
 0.1938 -0.1938
 -0.0699 0.0699
 -1.086 1.086
 -5.147 5.147
 -0.873 0.873
 -0.08701 0.08701
 1.16 -1.16
 -5.65 5.65
 1.158 -1.158
 -6.635 6.635
 -2.505 2.505
 3.655 -3.655
 -0.09101 0.09101
 -1.775 1.775
 -0.7027 0.7027
 2.517 -2.517
 -0.9346 0.9346
 3.471 -3.471
 0.006796 -0.006796
 5.17 -5.17
 -3.519 3.519
 1.931 -1.931
 -1.149 1.149
 -1.67 1.67
 3.857 -3.857
 3.012 -3.012
 -3.552 3.552
 -5.889 5.889
 -2.138 2.138
 2.321 -2.321
 -0.06246 0.06246
 0.5022 -0.5022
 -0.1416 0.1416
 -4.466 4.466
 -0.06534 0.06534
 -0.2094 0.2094
 0.05903 -0.05903
 2.456 -2.456
 0.8258 -0.8258
 9.368 -9.368
 -2.3 2.3
 0.2837 -0.2837
 -1.449 1.449
 1.455 -1.455
 -3.076 3.076
 3.221 -3.221
 1.8 -1.8
 0.9671 -0.9671
 -0.05942 0.05942
 -4.793 4.793
 0.08807 -0.08807
 -0.1785 0.1785
 -0.4587 0.4587
 -1.852 1.852
 2.666 -2.666
 -1.051 1.051
 2.033 -2.033
 -0.248 0.248
 4.456 -4.456
 -2.186 2.186
 -0.5973 0.5973
 2.772 -2.772
 -3.185 3.185
 0.4874 -0.4874
 -1.032 1.032
 -0.7405 0.7405
 -1.009 1.009
 0.3421 -0.3421
 -0.6065 0.6065
 -1.473 1.473
 -2.662 2.662
 0.6591 -0.6591
 -2.08 2.08
 -3.777 3.777
 -3.17 3.17
 1.557 -1.557
 0.615 -0.615
 -2.696 2.696
 0.4393 -0.4393
 -1.442 1.442
 -0.8508 0.8508
 -0.4193 0.4193
 -0.4402 0.4402
 1.541 -1.541
 -0.5847 0.5847
 -1.844 1.844
 -1.056 1.056
 -0.8482 0.8482
 2.741 -2.741
 1.186 -1.186
 -1.608 1.608
 2.847 -2.847
 -1.437 1.437
 -0.4925 0.4925
 0.4786 -0.4786
 -1.248 1.248
 1.639 -1.639
 -0.3633 0.3633
 6.401 -6.401
 1.712 -1.712
 1.4 -1.4
 3.981 -3.981
 1.067 -1.067
 -1.625 1.625
 3.99 -3.99
 -1.394 1.394
 1.023 -1.023
 -3.106 3.106
 1.118 -1.118
 -1.285 1.285
 -0.3939 0.3939
 2.881 -2.881
 -4.332 4.332
 -4.506 4.506
 1.559 -1.559
 -3.929 3.929
 2.599 -2.599
 -0.1671 0.1671
 -1.241 1.241
 -3.151 3.151
 2.233 -2.233
 -2.791 2.791
 -2.188 2.188
 -0.9623 0.9623
 1.984 -1.984
 1.07 -1.07
 -1.018 1.018
 -3.131 3.131
 2.954 -2.954
 -0.2153 0.2153
 2.413 -2.413
 -0.8182 0.8182
 1.998 -1.998
 -1.828 1.828
 1.35 -1.35
 2.163 -2.163
 1.353 -1.353
 0.1468 -0.1468
 3.961 -3.961
 3.596 -3.596
 -6.511 6.511
 -1.337 1.337
 0.1505 -0.1505
 -4.767 4.767
 0.3834 -0.3834
 1.536 -1.536
 1.46 -1.46
 -1.139 1.139
 0.1969 -0.1969
 2.513 -2.513
 -0.07923 0.07923
 0.1855 -0.1855
 -0.9934 0.9934
 0.148 -0.148
 -1.445 1.445
 -2.572 2.572
 5.045 -5.045
 0.9978 -0.9978
 3.587 -3.587
 1.694 -1.694
 0.8131 -0.8131
 -0.5583 0.5583
 -1.493 1.493
 -2.17 2.17
 -1.266 1.266
 -0.4963 0.4963
 1.387 -1.387
 0.9954 -0.9954
 -1.836 1.836
 -3.942 3.942
 -2.501 2.501
 -0.7841 0.7841
 0.766 -0.766
 -5.156 5.156
 -4.084 4.084
 0.2142 -0.2142
 0.2236 -0.2236
 0.3741 -0.3741
 -1.985 1.985
 4.234 -4.234
 -2.004 2.004
 1.863 -1.863
 0.3323 -0.3323
 -2.259 2.259
 -7.51 7.51
 1.777 -1.777
 2.234 -2.234
 2.412 -2.412
 -1.833 1.833
 -3.248 3.248
 0.1396 -0.1396
 5.521 -5.521
 -2.119 2.119
 -3.893 3.893
 -1.415 1.415
 1.558 -1.558
 -1.507 1.507
 0.9001 -0.9001
 -2.496 2.496
 -0.0734 0.0734
 2.133 -2.133
 -0.4883 0.4883
 1.432 -1.432
 1.493 -1.493
 2.753 -2.753
 -1.529 1.529
 1.137 -1.137
 3.155 -3.155
 1.372 -1.372
 2.245 -2.245
 2.736 -2.736
 -3.099 3.099
 1.42 -1.42
 0.3712 -0.3712
 1.801 -1.801
 3.297 -3.297
 0.08879 -0.08879
 2.39 -2.39
 3.351 -3.351
 3.392 -3.392
 0.2515 -0.2515
 -2.305 2.305
 0.2902 -0.2902
 1.379 -1.379
 -0.5136 0.5136
 0.2056 -0.2056
 3.477 -3.477
 -2.321 2.321
 3.003 -3.003
 0.6617 -0.6617
 -2.622 2.622
 -4.4 4.4
 2.287 -2.287
 -4.417 4.417
 3.11 -3.11
 -1.374 1.374
 0.4993 -0.4993
 0.6675 -0.6675
 2.926 -2.926
 0.682 -0.682
 1.446 -1.446
 3.675 -3.675
 0.5909 -0.5909
 -0.4449 0.4449
 0.2599 -0.2599
 -0.6763 0.6763
 2.612 -2.612
 -3.941 3.941
 -3.457 3.457
 1.892 -1.892
 -0.01898 0.01898
 1.049 -1.049
 -0.858 0.858
 -0.141 0.141
 -1.748 1.748
 -0.9712 0.9712
 -1.006 1.006
 2.37 -2.37
 4.647 -4.647
 2.34 -2.34
 2.258 -2.258
 -0.4935 0.4935
 2.914 -2.914
 2.53 -2.53
 -1.277 1.277
 -3.518 3.518
 0.7097 -0.7097
 -0.4522 0.4522
 1.119 -1.119
 -1.007 1.007
 2.312 -2.312
 -4.446 4.446
 0.9782 -0.9782
 2.269 -2.269
 -1.225 1.225
 4.411 -4.411
 -0.2945 0.2945
 1.193 -1.193
 -0.6702 0.6702
 -1.82 1.82
 -0.1385 0.1385
 -5.008 5.008
 -0.08694 0.08694
 -5.486 5.486
 2.229 -2.229
 -0.4413 0.4413
 -5.249 5.249
 1.692 -1.692
 -0.398 0.398
 -2.755 2.755
 1.428 -1.428
 -0.9758 0.9758
 -2.02 2.02
 -1.323 1.323
 -1.075 1.075
 0.2193 -0.2193
 2.574 -2.574
 -0.7448 0.7448
 1.158 -1.158
 -0.06108 0.06108
 3.731 -3.731
 2.804 -2.804
 -0.9561 0.9561
 -0.3608 0.3608
 1.109 -1.109
 0.8183 -0.8183
 0.06539 -0.06539
 -1.426 1.426
 -4.872 4.872
 -2.217 2.217
 0.2777 -0.2777
 -1.126 1.126
 -2.074 2.074
 -1.127 1.127
 0.9142 -0.9142
 -4.34 4.34
 -0.5246 0.5246
 0.3603 -0.3603
 -0.2723 0.2723
 -0.5676 0.5676
 2.293 -2.293
 0.3266 -0.3266
 1.355 -1.355
 -0.5783 0.5783
 7.922 -7.922
 2.43 -2.43
 1.519 -1.519
 0.7157 -0.7157
 -1.4 1.4
 0.3986 -0.3986
 -1.583 1.583
 0.9649 -0.9649
 1.7 -1.7
 0.3442 -0.3442
 2.086 -2.086
 1.397 -1.397
 3.067 -3.067
 -3.571 3.571
 0.2678 -0.2678
 2.785 -2.785
 0.9431 -0.9431
 0.2842 -0.2842
 -0.7018 0.7018
 1.24 -1.24
 0.6132 -0.6132
 -2.143 2.143
 -1.366 1.366
 2.759 -2.759
 -1.762 1.762
 3.495 -3.495
 -0.669 0.669
 2.348 -2.348
 0.9886 -0.9886
 1.142 -1.142
 0.8155 -0.8155
 -1.54 1.54
 2.751 -2.751
 -1.891 1.891
 3.386 -3.386
 3.298 -3.298
 -4.151 4.151
 1.541 -1.541
 -0.5191 0.5191
 2.83 -2.83
 2.354 -2.354
 0.09292 -0.09292
 -6.299 6.299
 -1.66 1.66
 -3.174 3.174
 0.07778 -0.07778
 0.3473 -0.3473
 -2.248 2.248
 -2.146 2.146
 1.046 -1.046
 2.43 -2.43
 -1.697 1.697
 0.05394 -0.05394
 -2.147 2.147
 -1.972 1.972
 -0.899 0.899
 2.075 -2.075
 -0.9457 0.9457
 -2.248 2.248
 -4.313 4.313
 1.721 -1.721
 -2.852 2.852
 1.538 -1.538
 -0.8245 0.8245
 0.5215 -0.5215
 -3.312 3.312
 2.213 -2.213
 0.4277 -0.4277
 -0.9735 0.9735
 2.816 -2.816
 7.721 -7.721
 -5.565 5.565
 3.679 -3.679
 0.4096 -0.4096
 2.379 -2.379
 -1.375 1.375
 -0.7673 0.7673
 0.1349 -0.1349
 -3.004 3.004
 -2.521 2.521
 0.7468 -0.7468
 -4.212 4.212
 0.08781 -0.08781
 2.379 -2.379
 2.345 -2.345
 7.528 -7.528
 0.2458 -0.2458
 -0.8295 0.8295
 -1.471 1.471
 -3.137 3.137
 -0.04465 0.04465
 -0.6859 0.6859
 -2.049 2.049
 1.272 -1.272
 -2.564 2.564
 0.3464 -0.3464
 -3.203 3.203
 3.626 -3.626
 3.753 -3.753
 -4.002 4.002
 -1.957 1.957
 0.444 -0.444
 -1.286 1.286
 -0.4299 0.4299
 0.2984 -0.2984
 -1.142 1.142
 -10.7 10.7
 -1.029 1.029
 3.885 -3.885
 -4.013 4.013
 2.647 -2.647
 8.323 -8.323
 0.1575 -0.1575
 1.755 -1.755
 0.6652 -0.6652
 -2.483 2.483
 -2.416 2.416
 1.563 -1.563
 0.7018 -0.7018
 2.16 -2.16
 -0.8874 0.8874
 -1.962 1.962
 -1.082 1.082
 -1.442 1.442
 0.1476 -0.1476
 -1.065 1.065
 2.287 -2.287
 1.125 -1.125
 3.139 -3.139
 -1.597 1.597
 3.289 -3.289
 -2.391 2.391
 2.301 -2.301
 6.681 -6.681
 -3.265 3.265
 -3.565 3.565
 -2.155 2.155
 -2.026 2.026
 2.082 -2.082
 -1.511 1.511
 0.5451 -0.5451
 -1.58 1.58
 -0.2111 0.2111
 -1.009 1.009
 0.9675 -0.9675
 -0.687 0.687
 0.4015 -0.4015
 1.712 -1.712
 -0.004358 0.004358
 -1.697 1.697
 -4.269 4.269
 -1.395 1.395
 0.9024 -0.9024
 0.9728 -0.9728
 -0.5676 0.5676
 0.3761 -0.3761
 2.847 -2.847
 -0.9062 0.9062
 -4.444 4.444
 -1.702 1.702
 1.054 -1.054
 -0.6398 0.6398
 -3.197 3.197
 3.556 -3.556
 3.214 -3.214
 -1.047 1.047
 -1.01 1.01
 3.895 -3.895
 -1.804 1.804
 0.7126 -0.7126
 2.79 -2.79
 -2.528 2.528
 -2.219 2.219
 0.7383 -0.7383
 0.09667 -0.09667
 -2.1 2.1
 1.255 -1.255
 3.068 -3.068
 1.477 -1.477
 0.1688 -0.1688
 1.144 -1.144
 -2.864 2.864
 -2.797 2.797
 -3.489 3.489
 -0.02011 0.02011
 -1.053 1.053
 2.187 -2.187
 -1.632 1.632
 -1.778 1.778
 2.504 -2.504
 -0.3431 0.3431
 2.093 -2.093
 1.593 -1.593
 2.266 -2.266
 1.76 -1.76
 -0.378 0.378
 5.089 -5.089
 -1.204 1.204
 3.743 -3.743
 1.863 -1.863
 5.06 -5.06
 -1.123 1.123
 -3.059 3.059
 4.657 -4.657
 0.6367 -0.6367
 -3.266 3.266
 7.193 -7.193
 -1.648 1.648
 2.654 -2.654
 -0.8525 0.8525
 2.133 -2.133
 -4.664 4.664
 -1.012 1.012
 3.375 -3.375
 4.507 -4.507
 -3.398 3.398
 2.835 -2.835
 -0.6193 0.6193
 -1.305 1.305
 1.527 -1.527
 -0.9003 0.9003
 3.039 -3.039
 4.182 -4.182
 1.552 -1.552
 0.2677 -0.2677
 2.926 -2.926
 -0.5729 0.5729
 -0.2433 0.2433
 3.909 -3.909
 1.854 -1.854
 -0.5242 0.5242
 1.863 -1.863
 -1.374 1.374
 0.2817 -0.2817
 4.011 -4.011
 0.5002 -0.5002
 -0.8153 0.8153
 -4.145 4.145
 0.06896 -0.06896
 -0.3548 0.3548
 -2.2 2.2
 -4.234 4.234
 3.255 -3.255
 0.5021 -0.5021
 -1.685 1.685
 -2.743 2.743
 -1.248 1.248
 -0.8922 0.8922
 -4.51 4.51
 2.617 -2.617
 0.352 -0.352
 3.188 -3.188
 -0.2637 0.2637
 2.847 -2.847
 -0.5555 0.5555
 2.76 -2.76
 0.1624 -0.1624
 -2.979 2.979
 2.77 -2.77
 -1.172 1.172
 -3.928 3.928
 -1.355 1.355
 1.443 -1.443
 -5.579 5.579
 1.155 -1.155
 3.035 -3.035
 0.1848 -0.1848
 4.02 -4.02
 1.863 -1.863
 0.3986 -0.3986
 -2.897 2.897
 2.222 -2.222
 -1.125 1.125
 -0.04505 0.04505
 -2.159 2.159
 1.615 -1.615
 -0.5744 0.5744
 -1.415 1.415
 -1.942 1.942
 -4.736 4.736
 -4.481 4.481
 -1.058 1.058
 -1.015 1.015
 1.48 -1.48
 -2.778 2.778
 0.05802 -0.05802
 -2.13 2.13
 0.1472 -0.1472
 2.376 -2.376
 2.875 -2.875
 -3.911 3.911
 2.139 -2.139
 2.834 -2.834
 -1.744 1.744
 -1.682 1.682
 3.299 -3.299
 4.307 -4.307
 0.703 -0.703
 -0.8173 0.8173
 3.308 -3.308
 3.841 -3.841
 2.052 -2.052
 -1.817 1.817
 -1.973 1.973
 -4.669 4.669
 -0.271 0.271
 0.9228 -0.9228
 0.3196 -0.3196
 2.651 -2.651
 0.6028 -0.6028
 0.9899 -0.9899
 -0.2227 0.2227
 -0.08489 0.08489
 -1.416 1.416
 -1.055 1.055
 3.061 -3.061
 0.5132 -0.5132
 -1.945 1.945
 -2.075 2.075
 1.128 -1.128
 -0.7221 0.7221
 -3.308 3.308
 -1.775 1.775
 -2.892 2.892
 -0.1066 0.1066
 1.969 -1.969
 -0.9211 0.9211
 -3.055 3.055
 -0.3315 0.3315
 -1.261 1.261
 -2.153 2.153
 1.639 -1.639
 -0.9453 0.9453
 -0.2485 0.2485
 -1.157 1.157
 2.835 -2.835
 1.394 -1.394
 0.8854 -0.8854
 0.4968 -0.4968
 3.765 -3.765
 5.725 -5.725
 -1.994 1.994
 -1.572 1.572
 -0.9805 0.9805
 3.57 -3.57
 -0.4452 0.4452
 -4.755 4.755
 -2.836 2.836
 4.484 -4.484
 1.773 -1.773
 2.428 -2.428
 1.385 -1.385
 0.7148 -0.7148
 -1.304 1.304
 2.003 -2.003
 -1.933 1.933
 -3.505 3.505
 2.211 -2.211
 -5.877 5.877
 2.435 -2.435
 0.6575 -0.6575
 2.146 -2.146
 -0.5697 0.5697
 -0.4883 0.4883
 -2.185 2.185
 1.664 -1.664
 -3.938 3.938
 -2.211 2.211
 2.123 -2.123
 -0.7021 0.7021
 0.8706 -0.8706
 2.386 -2.386
 2.347 -2.347
 0.1613 -0.1613
 -3.366 3.366
 -2.266 2.266
 2.518 -2.518
 3.509 -3.509
 0.7501 -0.7501
 -7.207 7.207
 1.883 -1.883
 -1.662 1.662
 -0.2883 0.2883
 3.167 -3.167
 -1.241 1.241
 -1.974 1.974
 -1.576 1.576
 -5.705 5.705
 -2.199 2.199
 2.795 -2.795
 0.005956 -0.005956
 -2.656 2.656
 1.085 -1.085
 3.384 -3.384
 -5.111 5.111
 -1.273 1.273
 -3.949 3.949
 0.4489 -0.4489
 -2.423 2.423
 1.038 -1.038
 -1.604 1.604
 -2.949 2.949
 0.09848 -0.09848
 1.495 -1.495
 4.291 -4.291
 -0.498 0.498
 -1.483 1.483
 4.215 -4.215
 -0.9658 0.9658
 -0.6865 0.6865
 0.2093 -0.2093
 -4.17 4.17
 1.991 -1.991
 -2.338 2.338
 -0.6034 0.6034
 3.382 -3.382
 1.161 -1.161
 5.495 -5.495
 0.4965 -0.4965
 4.929 -4.929
 -2.83 2.83
 -1.202 1.202
 1.6 -1.6
 3.58 -3.58
 -1.554 1.554
 -0.06354 0.06354
 1.484 -1.484
 -2.664 2.664
 2.921 -2.921
 -0.2586 0.2586
 -0.5764 0.5764
 1.677 -1.677
 0.8687 -0.8687
 0.6515 -0.6515
 3.48 -3.48
 1.246 -1.246
 -2.818 2.818
 2.078 -2.078
 -0.539 0.539
 0.9568 -0.9568
 -1.945 1.945
 1.634 -1.634
 0.5442 -0.5442
 -0.9552 0.9552
 0.07914 -0.07914
 -0.6623 0.6623
 -2.807 2.807
 2.056 -2.056
 1.52 -1.52
 1.597 -1.597
 1.816 -1.816
 1.4 -1.4
 0.8567 -0.8567
 1.982 -1.982
 2.125 -2.125
 -0.964 0.964
 -2.992 2.992
 1.834 -1.834
 -0.1029 0.1029
 4.851 -4.851
 -1.133 1.133
 2.185 -2.185
 1.532 -1.532
 1.807 -1.807
 6.508 -6.508
 -2.405 2.405
 -3.454 3.454
 -1.887 1.887
 1.226 -1.226
 -0.3452 0.3452
 1.119 -1.119
 -0.7072 0.7072
 1.145 -1.145
 2.85 -2.85
 -4.472 4.472
 0.2222 -0.2222
 1.527 -1.527
 -1.546 1.546
 1.564 -1.564
 -1.702 1.702
 -3.424 3.424
 -0.223 0.223
 0.7279 -0.7279
 0.449 -0.449
 -2.155 2.155
 3.673 -3.673
 -2.267 2.267
 -1.446 1.446
 2.528 -2.528
 1.138 -1.138
 0.5525 -0.5525
 2.588 -2.588
 -5.338 5.338
 -0.7721 0.7721
 3.535 -3.535
 -2.147 2.147
 3.177 -3.177
 -0.8033 0.8033
 1.067 -1.067
 -1.669 1.669
 5.862 -5.862
 -3.754 3.754
 1.312 -1.312
 3.434 -3.434
 -1.801 1.801
 -2.797 2.797
 -0.09473 0.09473
 2.296 -2.296
 2.735 -2.735
 -0.4024 0.4024
 0.05479 -0.05479
 -1.291 1.291
 -1.307 1.307
 -1.716 1.716
 -2.34 2.34
 -0.5866 0.5866
 -4.325 4.325
 -1.895 1.895
 5.108 -5.108
 5.585 -5.585
 -0.5775 0.5775
 -4.131 4.131
 1.155 -1.155
 3.359 -3.359
 1.559 -1.559
 1.075 -1.075
 2.971 -2.971
 0.3543 -0.3543
 -0.5021 0.5021
 5.051 -5.051
 0.08771 -0.08771
 -1.064 1.064
 -8.51 8.51
 -0.7894 0.7894
 -2.59 2.59
 -0.7552 0.7552
 -0.8782 0.8782
 1.87 -1.87
 0.8261 -0.8261
 0.8346 -0.8346
 -3.837 3.837
 1.425 -1.425
 -3.195 3.195
 -0.8839 0.8839
 -0.1182 0.1182
 0.9642 -0.9642
 2.057 -2.057
 0.9938 -0.9938
 2.302 -2.302
 -0.6226 0.6226
 -1.783 1.783
 0.235 -0.235
 0.3608 -0.3608
 2.467 -2.467
 3.041 -3.041
 -2.082 2.082
 0.2944 -0.2944
 -3.077 3.077
 0.128 -0.128
 -2.944 2.944
 -0.7108 0.7108
 -0.7315 0.7315
 0.5377 -0.5377
 1.193 -1.193
 0.6474 -0.6474
 2.57 -2.57
 -1.552 1.552
 -0.4587 0.4587
 0.06147 -0.06147
 -0.7482 0.7482
 0.7357 -0.7357
 3.044 -3.044
 -1.488 1.488
 -2.669 2.669
 -2.403 2.403
 -1.72 1.72
 -0.6961 0.6961
 1.663 -1.663
 0.01329 -0.01329
 -6.061 6.061
 -2.038 2.038
 1.784 -1.784
 1.545 -1.545
 -1.709 1.709
 3.971 -3.971
 -2.41 2.41
 -6.816 6.816
 -5.386 5.386
 -2.413 2.413
 4.165 -4.165
 -0.8692 0.8692
 0.4617 -0.4617
 -3.283 3.283
 2.384 -2.384
 3.39 -3.39
 -0.6785 0.6785
 0.1625 -0.1625
 -1.506 1.506
 -0.7411 0.7411
 5.055 -5.055
 4.369 -4.369
 -8.551 8.551
 1.749 -1.749
 -1.664 1.664
 0.1514 -0.1514
 -0.875 0.875
 -4.706 4.706
 0.3771 -0.3771
 -0.7485 0.7485
 4.011 -4.011
 -1.009 1.009
 1.536 -1.536
 1.76 -1.76
 -1.672 1.672
 -2.917 2.917
 2.324 -2.324
 -2.596 2.596
 -0.2703 0.2703
 1.526 -1.526
 -2.465 2.465
 0.9211 -0.9211


